48
kingdom1 kingdom2 kingdom3 kingdom4 kingdom5 kingdom6 kingdom7 kingdom8 kingdom9 kingdom10 kingdom11 kingdom12 kingdom13 kingdom14 kingdom15 kingdom16 kingdom17 kingdom18 kingdom19 kingdom20 kingdom21 kingdom22 kingdom23 kingdom24 kingdom25 kingdom26 kingdom27 kingdom28 kingdom29 kingdom30 kingdom31 kingdom32 kingdom33 kingdom34 kingdom35 kingdom36 kingdom37 kingdom38 kingdom39 kingdom40 kingdom41 kingdom42 kingdom43 kingdom44 kingdom45 kingdom46 kingdom47 kingdom48
kingdom1
41.00173 21.94221 17.0023 49.03763 x 26.07499 42.84704 26.81144 x 32.5306 35.7532 x 43.40264 x x 33.99004 56.82512 11.31916 54.35939 44.15647 17.80494 44.50529 35.50285 26.42492 x 52.4079 18.13725 51.35662 x x 51.86843 x 29.73772 47.78751 34.88219 x x 52.70334 51.23146 x 44.31154 30.42898 x 31.39016 41.87098 54.51283 37.27627 38.40346 
21.94221 6.05665 6.62584 29.79535 19.33549 x 35.16563 6.45097 19.60316 15.49457 19.30868 27.67989 31.12849 19.82017 17.75428 x 35.21643 x 41.38928 34.18538 20.07692 24.41103 x 9.12852 18.73666 38.15412 x 31.84973 44.93761 30.95761 x 24.12167 20.33368 x 25.47393 x 25.99216 x x 17.1161 27.2092 13.40525 33.85504 17.6025 x 37.96143 19.16383 x 
17.0023 6.62584 27.68058 36.37085 22.38279 x 39.63193 12.88575 x 16.53286 x 28.09971 36.69972 21.45666 x 23.2411 40.14117 14.23665 46.80216 x 19.9736 x 18.74206 15.04827 22.93364 x x 38.1753 49.79974 36.49586 39.63505 27.83454 20.81205 30.8232 26.58431 35.42145 29.75707 39.10171 35.50399 x 33.6146 18.87016 x x x x 23.77942 x 
49.03763 29.79535 36.37085 5.54266 27.32092 33.55423 x x 22.86569 33.86736 27.76066 x x 33.8384 19.9872 15.66814 25.68304 39.63675 x x 37.4623 17.73327 32.13496 22.82439 x 16.45609 37.61596 14.42372 28.53612 x 7.57854 x 35.37157 30.2795 x x 26.93309 16.81313 x 19.9091 9.83212 x 29.38372 23.14326 x 13.16129 x 29.27397 
x 19.33549 22.38279 27.32092 50.26606 17.24805 41.55026 20.34877 x x 7.04633 x 33.51878 21.29935 28.67916 16.72723 32.45808 x 31.42084 30.04143 22.36016 x 25.93343 19.21224 26.91502 x x 37.02299 x 29.53263 26.06136 38.98714 8.39426 28.96219 8.88024 28.62784 x 38.66566 27.19195 x 29.78365 x x 29.4063 28.82471 29.46636 33.32615 39.76174 
26.07499 x x 33.55423 17.24805 46.8003 44.39974 14.51559 16.0823 6.74255 14.40228 x 38.97742 11.68209 23.27398 x 32.19949 21.44855 x 40.50449 25.4404 x 12.74279 17.52715 17.63944 x x 36.79336 x 37.78345 35.82712 x x 22.58379 21.26568 38.07704 32.94551 37.4531 29.39739 16.45213 33.64936 21.94077 x 26.83425 32.42354 41.15645 24.71773 40.0316 
42.84704 35.16563 39.63193 x 41.55026 44.39974 23.36388 30.54057 43.18481 48.60319 45.25383 45.89916 11.33289 51.3568 30.26088 25.83331 52.60124 x x 20.24851 33.0303 31.51264 x 26.90512 43.25811 x 35.21035 x 37.84552 16.73743 x x 47.03394 x 49.06076 19.64748 20.88831 32.30224 x 37.95692 x 25.3312 39.44357 19.21156 18.51281 x 32.90555 x 
26.81144 6.45097 12.88575 x 20.34877 14.51559 30.54057 9.95489 18.9307 18.40337 20.43307 30.29383 25.84623 21.6954 12.05874 13.07653 32.30604 20.23955 x x 22.36244 18.58089 17.09181 x 16.74903 33.44829 14.08506 25.57665 x 26.24758 28.57656 19.87378 x 26.09613 27.97667 28.36585 23.78748 26.79509 x x 21.05945 7.81991 x 12.40144 19.42999 33.33845 14.75158 25.91467 
x 19.60316 x 22.86569 x 16.0823 43.18481 18.9307 6.9406 14.7095 6.18708 25.74759 34.3327 14.38382 x 17.6195 x x 33.95452 x 30.60016 25.93177 x 19.90304 x x x 30.65177 36.76701 31.49444 22.72756 x 16.49563 18.48501 x 34.09784 30.80988 x 17.71811 x 27.2754 24.95561 x 28.72945 27.08327 x 27.84547 40.71952 
32.5306 15.49457 16.53286 33.86736 x 6.74255 48.60319 18.40337 14.7095 63.5356 14.21324 x 42.2935 5.03249 24.20044 25.84366 x x 47.16041 44.12904 31.7826 28.91182 9.51777 21.97663 x 44.9735 24.23407 36.69437 50.10031 x 35.91739 36.80731 x 16.96131 x 42.53898 37.83559 36.94108 26.81637 17.20626 35.50674 25.21164 37.91412 30.65334 34.75398 41.97851 25.63538 44.29017 
35.7532 19.30868 x 27.76066 7.04633 14.40228 45.25383 20.43307 6.18708 14.21324 86.4114 20.70009 36.9685 14.99442 27.25302 19.62232 27.18525 27.40502 x 35.19216 27.69755 30.97502 x 20.98255 22.35532 35.3205 30.84699 36.05623 37.52355 33.65064 x 39.91041 10.55422 x 11.89556 34.34855 30.53994 37.20301 23.89148 x 31.30669 27.45497 x 31.01531 30.70955 31.86495 31.50337 x 
x 27.67989 28.09971 x x x 45.89916 30.29383 25.74759 x 20.70009 24.68377 39.79593 33.49412 40.74121 26.30628 47.11636 21.85641 35.60696 32.86971 18.61985 45.53218 38.22618 27.84465 x 37.97148 x x 34.31102 35.06902 36.94722 x 12.38976 43.15305 10.90258 29.4729 25.61353 51.47484 41.61934 23.47562 39.77626 x x x 38.25383 37.85299 x 44.99701 
43.40264 31.12849 36.69972 x 33.51878 38.97742 11.33289 25.84623 34.3327 42.2935 36.9685 39.79593 36.36116 44.35485 25.13448 17.49257 43.2927 34.58267 22.79109 12.70798 31.03145 25.63859 40.83298 x 36.96081 16.19062 34.80614 23.01015 x x x 23.48434 40.21794 x 41.43583 14.85108 16.64216 x 32.2316 29.22215 x 22.08392 x x x x 29.68652 13.76769 
x 19.82017 21.45666 33.8384 21.29935 11.68209 51.3568 21.6954 14.38382 5.03249 14.99442 33.49412 44.35485 19.35008 25.47061 27.99775 23.72874 x x 46.25607 36.15613 29.17631 9.972 x 14.15074 45.86576 28.59384 x 51.00549 x x 39.63578 21.35434 12.99902 24.83952 45.31072 x x x x x x x 33.53676 x 42.04489 27.12425 47.22647 
x 17.75428 x 19.9872 28.67916 23.27398 30.26088 12.05874 x 24.20044 27.25302 40.74121 25.13448 25.47061 60.95848 17.78926 27.29325 31.94381 38.98812 33.28819 33.51384 6.91575 18.43462 14.64571 13.68028 33.18191 21.57796 15.26833 44.73228 x x 17.23691 33.61473 23.53219 37.08595 33.32878 x 15.73677 19.87736 20.93654 x 8.67115 39.56117 13.18286 16.5493 32.25102 6.48044 25.53891 
33.99004 x 23.2411 15.66814 16.72723 x 25.83331 13.07653 17.6195 25.84366 19.62232 26.30628 17.49257 27.99775 17.78926 62.21194 32.19432 24.07543 x 18.70688 21.93657 x 26.67123 9.52053 24.34807 20.92085 25.76495 23.70177 28.93112 15.22688 18.05519 25.2735 x x 25.25476 18.29115 15.30157 26.00805 x x x 15.18678 22.21836 15.14692 12.41366 21.23169 23.4042 24.13831 
56.82512 35.21643 40.14117 25.68304 32.45808 32.19949 52.60124 32.30604 x x 27.18525 47.11636 43.2927 23.72874 27.29325 32.19432 49.13729 49.76957 43.59578 x x 24.97014 x 34.75914 19.94706 40.52581 x x x x 26.82686 x x x x 49.06587 x x 11.15597 24.9587 x 34.51396 x 38.7641 34.25099 x x 50.04914 
11.31916 x 14.23665 39.63675 x 21.44855 x 20.23955 x x 27.40502 21.85641 34.58267 x 31.94381 24.07543 49.76957 73.22877 43.26307 33.77887 7.35744 38.41733 32.01996 18.32432 34.98503 x 18.19215 44.24024 44.96765 33.38086 41.65673 31.42611 21.67161 42.55883 x x x 45.98118 43.13725 26.82904 x 24.74769 32.1809 x 33.22836 43.81112 x 32.61651 
54.35939 41.38928 46.80216 x 31.42084 x x x 33.95452 47.16041 x 35.60696 22.79109 x 38.98812 x 43.59578 43.26307 22.45612 14.01199 37.69682 38.76348 49.08797 33.69618 x x x 35.18911 x 16.77252 17.32461 44.45061 38.95419 48.34641 36.74816 x 23.54673 x x 30.0135 24.59273 x x x x 10.52016 x 36.11683 
44.15647 34.18538 x x 30.04143 40.50449 20.24851 x x 44.12904 35.19216 32.86971 12.70798 46.25607 33.28819 18.70688 x 33.77887 14.01199 47.74931 28.12305 34.62368 45.33764 25.69201 42.47058 x 40.05978 32.53847 x x 22.29724 33.98829 x x 36.30459 x 11.71909 35.55736 35.97009 28.74086 x 29.6896 x 25.75138 18.36525 x 38.6269 23.87411 
17.80494 20.07692 19.9736 37.4623 22.36016 25.4404 33.0303 22.36244 30.60016 31.7826 27.69755 18.61985 31.03145 36.15613 33.51384 21.93657 x 7.35744 37.69682 28.12305 54.99395 39.36378 x 18.95061 37.88242 36.93025 23.68513 43.85791 38.86827 28.90309 x x x 45.01035 x 22.30309 16.64125 x x 26.29617 x x x 25.47144 x 39.64018 x 30.94217 
44.50529 24.41103 x 17.73327 x x 31.51264 18.58089 25.93177 28.91182 30.97502 45.53218 25.63859 29.17631 6.91575 x 24.97014 38.41733 38.76348 34.62368 39.36378 21.73674 22.6019 x 16.28759 x x 9.24689 45.04052 x 24.81693 20.47958 38.53405 x 41.34726 35.92606 33.97248 9.06484 17.28744 24.18661 15.99249 14.75203 x x 16.64642 30.8038 10.49433 27.57812 
35.50285 x 18.74206 32.13496 25.93343 12.74279 x 17.09181 x 9.51777 x 38.22618 40.83298 9.972 18.43462 26.67123 x 32.01996 49.08797 45.33764 x 22.6019 66.43898 21.85797 7.24493 45.45984 x 31.21869 53.18748 x 35.91453 x x x 31.43069 x 39.89506 x 24.23 20.69706 32.93226 21.52052 x 27.62725 x 42.59648 18.35261 x 
26.42492 9.12852 15.04827 22.82439 19.21224 17.52715 26.90512 x 19.90304 21.97663 20.98255 27.84465 x x 14.64571 9.52053 34.75914 18.32432 33.69618 25.69201 18.95061 x 21.85797 30.30938 21.15759 29.78595 x x 37.89601 21.97309 x 19.88037 23.25867 29.87503 27.01172 23.33295 18.69745 27.74798 26.59772 x 18.8859 8.83712 29.26801 10.74749 16.87917 30.54521 x x 
x 18.73666 22.93364 x 26.91502 17.63944 43.25811 16.74903 x x 22.35532 x 36.96081 14.15074 13.68028 24.34807 19.94706 34.98503 x 42.47058 37.88242 16.28759 7.24493 21.15759 95.07585 41.24277 x 24.56241 50.2884 37.47198 31.05765 29.39614 30.11647 x 33.72007 x x x 18.24427 19.63742 27.96315 19.32296 x 25.18962 27.92157 x 14.65056 x 
52.4079 38.15412 x 16.45609 x x x 33.44829 x 44.9735 35.3205 37.97148 16.19062 45.86576 33.18191 20.92085 40.52581 x x x 36.93025 x 45.45984 29.78595 41.24277 18.49081 45.53424 28.13992 x 11.25578 13.90855 38.00532 x 45.1275 38.48535 18.19622 21.84459 31.02472 x 28.35986 17.53617 32.62707 23.18699 29.87657 18.14442 x 39.2456 29.92194 
18.13725 x x 37.61596 x x 35.21035 14.08506 x 24.23407 30.84699 x 34.80614 28.59384 21.57796 25.76495 x 18.19215 x 40.05978 23.68513 x x x x 45.53424 19.32984 36.09736 53.59272 36.45956 x x 30.53399 35.05585 36.02951 36.27885 x 36.87213 38.3442 x 32.54274 15.48201 43.44233 18.49853 x x x 29.17666 
51.35662 31.84973 38.1753 14.42372 37.02299 36.79336 x 25.57665 30.65177 36.69437 36.05623 x 23.01015 x 15.26833 23.70177 x 44.24024 35.18911 32.53847 43.85791 9.24689 31.21869 x 24.56241 28.13992 36.09736 88.82428 42.04778 x x 24.44144 43.93849 30.37717 45.816 35.39324 34.97535 3.05188 18.36716 x 13.26472 21.14173 x 21.65116 15.14718 26.67485 19.11418 27.54041 
x 44.93761 49.79974 28.53612 x x 37.84552 x 36.76701 50.10031 37.52355 34.31102 x 51.00549 44.73228 28.93112 x 44.96765 x x 38.86827 45.04052 53.18748 37.89601 50.2884 x 53.59272 42.04778 29.30534 22.47037 x 50.19742 x 52.47687 36.38836 x x 44.79931 39.05332 33.10754 31.24911 43.30077 16.64822 x 31.35017 16.65871 50.95452 41.57678 
x 30.95761 36.49586 x 29.53263 37.78345 16.73743 26.24758 31.49444 x 33.65064 35.06902 x x x 15.22688 x 33.38086 16.77252 x 28.90309 x x 21.97309 37.47198 11.25578 36.45956 x 22.47037 51.28366 19.17012 28.42968 36.53356 x 36.9626 x 13.3169 28.90511 31.24368 26.28034 12.76861 x 24.59999 20.44287 11.67719 17.19883 32.64861 19.41666 
51.86843 x 39.63505 7.57854 26.06136 35.82712 x 28.57656 22.72756 35.91739 x 36.94722 x x x 18.05519 26.82686 41.65673 17.32461 22.29724 x 24.81693 35.91453 x 31.05765 13.90855 x x x 19.17012 4.17566 37.38469 x 32.75991 33.49458 26.85087 27.73067 23.88338 16.87438 x x 29.06248 25.00107 28.97204 17.62938 7.53891 32.92306 34.5636 
x 24.12167 27.83454 x 38.98714 x x 19.87378 x 36.80731 39.91041 x 23.48434 39.63578 17.23691 25.2735 x 31.42611 44.45061 33.98829 x 20.47958 x 19.88037 29.39614 38.00532 x 24.44144 50.19742 28.42968 37.38469 79.62576 42.83292 40.17017 46.87595 32.30721 29.5932 25.46718 36.1138 33.64388 x x 46.29533 10.20811 20.62714 40.62974 15.73843 14.45363 
29.73772 20.33368 20.81205 35.37157 8.39426 x 47.03394 x 16.49563 x 10.55422 12.38976 40.21794 21.35434 33.61473 x x 21.67161 38.95419 x x 38.53405 x 23.25867 30.11647 x 30.53399 43.93849 x 36.53356 x 42.83292 91.98813 31.9214 x 34.05998 29.50496 x x 16.13442 37.07432 31.21566 x x x x 37.18321 44.68488 
47.78751 x 30.8232 30.2795 28.96219 22.58379 x 26.09613 18.48501 16.96131 x 43.15305 x 12.99902 23.53219 x x 42.55883 48.34641 x 45.01035 x x 29.87503 x 45.1275 35.05585 30.37717 52.47687 x 32.75991 40.17017 31.9214 6.14826 34.25532 48.97361 45.72215 x 17.43119 x 34.68849 x x 35.19221 35.19919 40.14564 x 48.32769 
34.88219 25.47393 26.58431 x 8.88024 21.26568 49.06076 27.97667 x x 11.89556 10.90258 41.43583 24.83952 37.08595 25.25476 x x 36.74816 36.30459 x 41.34726 31.43069 27.01172 33.72007 38.48535 36.02951 45.816 36.38836 36.9626 33.49458 46.87595 x 34.25532 58.7148 34.35589 x 47.389 34.68019 17.51918 38.48469 x x 37.49542 37.47612 36.17679 41.28249 47.46348 
x x 35.42145 x 28.62784 38.07704 19.64748 28.36585 34.09784 42.53898 34.34855 29.4729 14.85108 45.31072 33.32878 18.29115 49.06587 x x x 22.30309 35.92606 x 23.33295 x 18.19622 36.27885 35.39324 x x 26.85087 32.30721 34.05998 48.97361 34.35589 12.43917 5.94644 38.32053 x 28.59533 22.15804 28.17551 21.01041 24.08313 20.34989 24.25096 38.09463 x 
x 25.99216 29.75707 26.93309 x 32.94551 20.88831 23.78748 30.80988 37.83559 30.53994 25.61353 16.64216 x x 15.30157 x x 23.54673 11.71909 16.64125 33.97248 39.89506 18.69745 x 21.84459 x 34.97535 x 13.3169 27.73067 29.5932 29.50496 45.72215 x 5.94644 95.41695 37.72488 x 25.27252 22.21548 24.45097 x 20.93038 20.02603 26.6239 34.79458 21.7766 
52.70334 x 39.10171 16.81313 38.66566 37.4531 32.30224 26.79509 x 36.94108 37.20301 51.47484 x x 15.73677 26.00805 x 45.98118 x 35.55736 x 9.06484 x 27.74798 x 31.02472 36.87213 3.05188 44.79931 28.90511 23.88338 25.46718 x x 47.389 38.32053 37.72488 18.84165 18.51961 29.91254 16.2395 22.4017 45.12696 23.45963 18.0286 x x 29.77432 
51.23146 x 35.50399 x 27.19195 29.39739 x x 17.71811 26.81637 23.89148 41.61934 32.2316 x 19.87736 x 11.15597 43.13725 x 35.97009 x 17.28744 24.23 26.59772 18.24427 x 38.3442 18.36716 39.05332 31.24368 16.87438 36.1138 x 17.43119 34.68019 x x 18.51961 89.42266 18.58502 x x 36.03261 29.60971 23.36776 x x 39.81806 
x 17.1161 x 19.9091 x 16.45213 37.95692 x x 17.20626 x 23.47562 29.22215 x 20.93654 x 24.9587 26.82904 30.0135 28.74086 26.29617 24.18661 20.69706 x 19.63742 28.35986 x x 33.10754 26.28034 x 33.64388 16.13442 x 17.51918 28.59533 25.27252 29.91254 18.58502 4.37741 23.08131 21.39449 x 24.37171 22.57397 25.29543 26.13409 35.73585 
44.31154 27.2092 33.6146 9.83212 29.78365 33.64936 x 21.05945 27.2754 35.50674 31.30669 39.77626 x x x x x x 24.59273 x x 15.99249 32.93226 18.8859 27.96315 17.53617 32.54274 13.26472 31.24911 12.76861 x x 37.07432 34.68849 38.48469 22.15804 22.21548 16.2395 x 23.08131 19.42938 17.53323 x 15.4021 x 18.76705 x 19.53231 
30.42898 13.40525 18.87016 x x 21.94077 25.3312 7.81991 24.95561 25.21164 27.45497 x 22.08392 x 8.67115 15.18678 34.51396 24.74769 x 29.6896 x 14.75203 21.52052 8.83712 19.32296 32.62707 15.48201 21.14173 43.30077 x 29.06248 x 31.21566 x x 28.17551 24.45097 22.4017 x 21.39449 17.53323 65.83566 36.97465 6.19286 15.82703 33.47179 10.66305 19.99425 
x 33.85504 x 29.38372 x x 39.44357 x x 37.91412 x x x x 39.56117 22.21836 x 32.1809 x x x x x 29.26801 x 23.18699 43.44233 x 16.64822 24.59999 25.00107 46.29533 x x x 21.01041 x 45.12696 36.03261 x x 36.97465 77.82406 36.19296 30.93207 x x x 
31.39016 17.6025 x 23.14326 29.4063 26.83425 19.21156 12.40144 28.72945 30.65334 31.01531 x x 33.53676 13.18286 15.14692 38.7641 x x 25.75138 25.47144 x 27.62725 10.74749 25.18962 29.87657 18.49853 21.65116 x 20.44287 28.97204 10.20811 x 35.19221 37.49542 24.08313 20.93038 23.45963 29.60971 24.37171 15.4021 6.19286 36.19296 63.96086 13.17481 x 15.42499 x 
41.87098 x x x 28.82471 32.42354 18.51281 19.42999 27.08327 34.75398 30.70955 38.25383 x x 16.5493 12.41366 34.25099 33.22836 x 18.36525 x 16.64642 x 16.87917 27.92157 18.14442 x 15.14718 31.35017 11.67719 17.62938 20.62714 x 35.19919 37.47612 20.34989 20.02603 18.0286 23.36776 22.57397 x 15.82703 30.93207 13.17481 41.60725 20.05105 21.89414 17.49337 
54.51283 37.96143 x 13.16129 29.46636 41.15645 x 33.33845 x 41.97851 31.86495 37.85299 x 42.04489 32.25102 21.23169 x 43.81112 10.52016 x 39.64018 30.8038 42.59648 30.54521 x x x 26.67485 16.65871 17.19883 7.53891 40.62974 x 40.14564 36.17679 24.25096 26.6239 x x 25.29543 18.76705 33.47179 x x 20.05105 51.56075 38.63956 35.07159 
37.27627 19.16383 23.77942 x 33.32615 24.71773 32.90555 14.75158 27.84547 25.63538 31.50337 x 29.68652 27.12425 6.48044 23.4042 x x x 38.6269 x 10.49433 18.35261 x 14.65056 39.2456 x 19.11418 50.95452 32.64861 32.92306 15.73843 37.18321 x 41.28249 38.09463 34.79458 x x 26.13409 x 10.66305 x 15.42499 21.89414 38.63956 92.20349 27.26528 
38.40346 x x 29.27397 39.76174 40.0316 x 25.91467 40.71952 44.29017 x 44.99701 13.76769 47.22647 25.53891 24.13831 50.04914 32.61651 36.11683 23.87411 30.94217 27.57812 x x x 29.92194 29.17666 27.54041 41.57678 19.41666 34.5636 14.45363 44.68488 48.32769 47.46348 x 21.7766 29.77432 39.81806 35.73585 19.53231 19.99425 x x 17.49337 35.07159 27.26528 51.06531 
