100
Afghanistan Albania Algeria Andorra Angola Antigua Argentina Armenia Aruba Australia Austria Azerbaijan Bahamas Bahrain Bangladesh Barbados Belarus Belgium Belize Benin Bhutan Bolivia Bosnia Botswana Brazil Brunei Bulgaria Burkina Burma Burundi Cambodia Cameroon Canada Cabo Central Chad Chile China Colombia Comoros Congo Costa Rica Cote Croatia Cuba Curacao Cyprus Czechia Denmark Djibouti Dominica East Ecuador Egypt El Equatorial Eritrea Estonia Ethiopia Fiji Finland France Gabon Gambia Georgia Germany Ghana Greece Grenada Guatemala Guinea GuineaBissau Guyana Haiti Holy Honduras Hungary Iceland India Indonesia Iran Iraq Ireland Israel Italy Ja Japan Jordan Kazakhstan Kenya Kiribati Kosovo Kuwait Kyrgyzstan Laos Latvia Lebanon Lesotho Liberia
Albania
8175 25 28 27 28 30 29 21 23 30 25 24 28 25 20 30 27 21 23 25 29 24 21 20 20 30 25 30 29 28 26 26 27 20 24 25 20 24 22 22 28 23 26 24 29 22 29 29 24 23 30 22 26 29 22 21 29 26 21 27 30 24 27 24 23 30 23 23 26 22 25 20 24 21 28 20 22 22 25 30 23 26 28 20 27 23 25 23 24 21 20 23 23 26 26 27 23 26 23 30 
25 8207 25 26 20 29 27 20 25 21 23 22 28 29 25 30 23 22 27 25 23 30 25 30 26 29 20 26 24 30 30 23 29 21 22 25 23 22 27 20 27 28 22 23 25 25 30 20 24 29 26 28 27 25 21 22 26 30 23 21 28 30 26 30 22 29 22 30 30 29 24 25 30 22 20 30 28 29 21 20 24 29 30 26 26 23 29 30 23 25 24 26 20 26 21 28 21 29 25 30 
28 25 8756 23 21 27 23 25 21 23 21 28 29 26 26 24 24 20 25 21 26 24 28 24 30 28 26 23 29 27 28 23 20 26 21 27 22 22 25 27 30 20 30 25 25 30 28 23 24 20 22 27 30 29 27 22 25 30 20 30 22 26 20 25 24 20 22 22 30 27 25 24 20 20 23 23 26 29 23 20 21 20 22 25 24 22 22 28 30 20 24 22 20 20 27 22 20 21 27 23 
27 26 23 8277 22 30 30 26 21 20 30 21 20 29 26 24 30 28 25 24 22 29 26 20 28 22 24 29 24 23 30 24 25 28 23 30 29 29 29 22 29 22 20 20 26 20 26 27 21 29 21 26 27 20 20 24 27 27 25 23 22 28 28 20 29 29 28 30 27 30 22 21 27 25 24 26 24 20 22 22 21 25 26 25 30 27 27 27 25 25 29 29 29 23 25 23 29 20 27 22 
28 20 21 22 7000 23 22 27 30 24 24 28 29 28 25 28 28 22 20 22 30 23 24 30 21 26 21 20 27 25 30 28 24 28 23 25 27 26 25 27 22 27 30 25 24 22 24 27 27 20 27 26 23 20 20 24 28 24 27 28 25 30 23 28 26 22 25 20 22 30 29 20 27 28 22 25 23 25 30 28 22 27 30 28 30 26 22 21 26 28 22 20 28 29 26 22 21 24 26 21 
30 29 27 30 23 8491 30 26 26 26 21 28 26 25 26 24 22 23 25 24 27 22 30 25 29 21 29 20 21 27 26 28 20 26 23 30 29 21 20 21 25 28 29 27 20 27 20 22 27 25 23 24 30 30 24 26 29 30 24 30 24 27 20 26 28 25 23 30 27 20 30 23 30 30 26 24 29 21 22 26 23 24 26 28 20 24 22 29 24 29 29 22 28 25 21 24 28 22 21 24 
29 27 23 30 22 30 9678 21 27 24 27 25 22 26 21 25 29 21 27 24 21 27 23 24 25 29 20 30 20 23 23 22 25 25 23 29 21 25 28 25 25 21 27 21 20 28 24 30 28 28 26 25 25 27 30 25 29 22 28 23 29 30 26 25 23 23 28 20 30 21 27 26 23 24 28 28 21 29 26 20 30 23 29 27 30 28 25 22 28 28 29 20 26 26 21 25 21 20 21 20 
21 20 25 26 27 26 21 8387 26 28 23 30 26 26 21 24 26 25 28 30 24 22 25 23 25 23 30 25 29 29 22 23 20 22 28 21 26 28 25 30 30 21 27 26 26 22 20 22 29 27 29 25 27 27 23 20 26 21 29 28 25 27 26 21 21 29 23 25 30 30 29 23 29 27 21 25 24 28 27 24 20 28 26 20 29 24 26 27 29 22 24 20 20 22 30 22 24 24 24 21 
23 25 21 21 30 26 27 26 8572 30 30 28 26 28 30 28 21 28 21 28 30 28 30 28 25 30 28 28 27 25 25 20 22 24 20 30 21 23 26 24 28 21 20 24 23 29 26 25 20 27 24 22 20 28 30 26 26 21 20 24 28 27 23 26 21 23 26 27 24 29 26 29 24 21 26 21 25 26 22 28 22 27 30 24 28 30 22 27 29 26 20 23 22 21 25 22 26 20 30 27 
30 21 23 20 24 26 24 28 30 8187 30 27 26 28 29 30 22 25 25 28 28 22 20 30 26 26 28 28 26 30 28 25 30 25 20 22 23 24 28 22 27 29 23 29 24 22 23 27 23 20 30 26 22 20 28 28 26 27 24 26 22 30 27 23 22 29 26 26 28 30 29 25 25 21 21 29 29 28 20 25 27 29 30 27 21 30 27 23 30 23 24 21 23 29 20 21 21 24 28 23 
25 23 21 30 24 21 27 23 30 30 7607 29 29 20 24 23 22 26 24 20 20 30 25 21 25 24 30 22 22 24 20 20 30 20 24 27 28 30 26 24 23 23 28 23 22 20 28 23 28 25 25 25 26 27 30 25 29 29 28 28 28 21 27 23 26 25 28 23 29 25 23 22 28 28 24 27 26 27 27 24 30 28 22 26 23 29 22 26 20 24 20 27 24 21 22 22 29 28 25 28 
24 22 28 21 28 28 25 30 28 27 29 7103 28 30 30 20 23 28 27 27 21 27 28 27 25 22 26 25 20 20 23 22 29 21 29 24 23 28 28 21 28 23 27 29 20 29 26 24 24 24 28 25 26 22 20 22 25 27 23 29 24 25 29 29 20 26 22 25 22 20 30 30 21 20 24 30 26 24 25 20 24 21 25 20 22 24 21 22 23 22 24 22 29 30 24 29 24 28 26 24 
28 28 29 20 29 26 22 26 26 26 29 28 8222 27 23 30 22 25 27 22 26 27 22 22 28 21 26 23 28 29 20 29 30 23 23 26 20 21 22 21 22 27 28 28 30 28 28 20 30 30 27 20 28 26 28 27 24 28 21 25 24 25 24 23 26 26 21 29 26 22 21 24 28 25 30 20 22 20 27 29 30 22 23 30 24 24 22 23 26 27 22 27 30 24 22 24 29 30 23 28 
25 29 26 29 28 25 26 26 28 28 20 30 27 7123 21 30 23 25 21 29 20 24 25 22 27 26 26 28 24 27 26 27 21 27 27 29 26 28 28 30 23 20 29 26 28 24 22 22 24 30 20 29 21 20 20 27 23 27 29 30 26 21 29 26 27 24 26 26 26 25 29 27 22 21 23 23 30 24 24 22 27 29 24 26 24 22 22 21 30 24 25 28 23 27 27 22 29 27 20 22 
20 25 26 26 25 26 21 21 30 29 24 30 23 21 8112 25 29 30 23 23 29 30 22 30 21 25 21 28 21 21 24 22 26 20 21 20 21 20 30 26 30 20 23 29 28 26 30 27 28 22 25 21 21 26 29 29 20 30 29 26 23 29 27 29 25 20 25 29 22 24 28 22 22 21 21 29 23 22 20 20 30 26 29 28 28 26 22 25 29 20 27 30 30 25 30 29 28 21 22 25 
30 30 24 24 28 24 25 24 28 30 23 20 30 30 25 9114 21 26 28 26 30 20 27 26 26 20 20 28 20 30 29 22 24 26 27 22 27 29 23 27 25 21 24 28 28 22 29 30 29 23 20 28 21 30 21 24 23 23 24 23 20 22 27 30 29 22 30 23 25 23 28 20 25 22 20 28 23 24 23 26 29 27 22 27 24 27 29 30 24 25 24 21 24 25 30 21 23 29 22 30 
27 23 24 30 28 22 29 26 21 22 22 23 22 23 29 21 7130 25 20 22 26 23 23 22 28 24 26 21 27 27 25 24 28 20 30 24 26 26 29 30 24 24 26 29 21 30 24 28 29 21 24 27 28 26 30 30 21 20 21 24 21 26 22 27 21 24 25 20 28 30 25 29 30 28 29 22 21 23 20 24 26 22 28 28 23 20 30 30 27 29 22 30 23 23 24 24 29 24 28 25 
21 22 20 28 22 23 21 25 28 25 26 28 25 25 30 26 25 8427 20 28 22 28 22 26 22 26 30 24 25 24 23 20 20 29 22 27 21 23 21 27 28 29 24 25 29 23 27 30 30 22 28 23 28 23 30 23 21 24 29 26 29 25 24 22 22 21 29 21 28 23 28 24 21 21 28 27 29 23 25 23 28 29 29 25 25 24 20 25 22 27 20 27 23 26 20 27 26 30 28 24 
23 27 25 25 20 25 27 28 21 25 24 27 27 21 23 28 20 20 7433 24 23 27 30 30 30 28 21 24 20 20 28 24 22 30 29 20 20 29 22 21 25 23 30 21 22 20 27 28 25 30 21 27 24 23 20 30 30 28 21 24 28 30 29 24 23 25 30 21 23 26 24 28 25 28 27 21 25 22 30 29 22 26 24 30 24 26 28 26 30 20 23 23 28 22 29 22 25 22 29 22 
25 25 21 24 22 24 24 30 28 28 20 27 22 29 23 26 22 28 24 7904 25 23 26 30 20 21 25 30 25 21 20 27 23 30 26 20 24 23 22 30 30 20 22 21 30 21 29 30 22 22 30 21 27 21 24 25 21 23 27 24 28 28 22 29 25 24 26 24 21 28 28 30 21 30 20 25 26 20 20 26 20 20 23 22 26 30 26 21 22 25 22 20 23 20 21 21 23 23 23 21 
29 23 26 22 30 27 21 24 30 28 20 21 26 20 29 30 26 22 23 25 7975 24 24 27 25 27 29 24 28 29 20 28 30 20 21 26 27 25 22 25 20 30 29 23 25 27 23 25 21 27 21 23 24 22 21 21 28 28 22 27 27 29 22 30 28 29 21 24 27 30 27 30 30 26 21 23 28 24 24 27 24 25 28 22 21 22 24 28 27 22 20 22 22 23 28 26 23 20 23 26 
24 30 24 29 23 22 27 22 28 22 30 27 27 24 30 20 23 28 27 23 24 8673 22 28 26 22 22 27 25 22 21 30 20 30 29 29 24 21 22 30 28 27 30 21 21 30 29 29 23 26 24 20 27 27 30 21 26 27 22 29 27 24 26 26 26 27 26 26 27 22 28 24 24 23 29 20 27 21 20 23 28 28 27 22 20 29 24 22 29 23 25 25 22 21 20 26 26 20 29 29 
21 25 28 26 24 30 23 25 30 20 25 28 22 25 22 27 23 22 30 26 24 22 9870 29 27 26 27 27 21 29 24 27 26 28 28 22 30 23 28 22 21 23 30 29 22 24 30 25 30 24 24 26 22 30 27 28 26 24 23 29 20 22 25 27 30 21 21 29 27 26 28 24 24 25 27 22 20 23 28 25 21 28 30 23 24 28 20 22 21 25 20 23 25 23 26 30 24 21 25 22 
20 30 24 20 30 25 24 23 28 30 21 27 22 22 30 26 22 26 30 30 27 28 29 8714 30 30 20 28 29 20 21 20 28 29 27 20 25 30 24 20 26 29 20 21 27 25 29 28 23 23 27 22 28 23 26 30 26 20 25 22 20 23 25 20 29 29 25 30 22 25 21 21 24 23 25 29 29 23 22 22 20 24 22 27 21 25 22 25 21 28 24 29 30 22 25 23 21 27 20 22 
20 26 30 28 21 29 25 25 25 26 25 25 28 27 21 26 28 22 30 20 25 26 27 30 9260 22 21 29 30 24 20 27 26 28 25 22 30 30 22 29 26 27 27 29 26 24 24 26 23 29 28 24 21 21 30 29 23 26 29 30 27 24 29 22 23 20 23 22 20 23 21 21 29 29 27 20 21 24 28 27 29 26 21 23 24 28 24 29 22 20 20 20 22 29 28 23 29 27 26 26 
30 29 28 22 26 21 29 23 30 26 24 22 21 26 25 20 24 26 28 21 27 22 26 30 22 9586 26 21 29 30 30 30 22 29 26 30 20 20 29 26 27 25 28 29 20 25 30 30 28 20 20 29 26 21 28 24 28 27 30 26 28 20 25 20 29 30 25 21 28 29 29 30 27 27 23 29 22 28 23 22 27 26 23 22 25 22 20 20 26 21 27 29 25 25 25 21 24 28 25 22 
25 20 26 24 21 29 20 30 28 28 30 26 26 26 21 20 26 30 21 25 29 22 27 20 21 26 9212 28 25 22 29 23 21 24 24 23 30 24 21 20 22 25 29 28 24 29 25 25 30 30 27 28 28 22 26 27 26 21 21 28 25 22 30 24 24 29 25 28 20 23 24 20 26 21 28 28 22 29 20 23 30 25 25 28 25 22 21 23 24 29 20 25 21 21 23 24 23 20 27 30 
30 26 23 29 20 20 30 25 28 28 22 25 23 28 28 28 21 24 24 30 24 27 27 28 29 21 28 9291 26 29 30 25 28 22 25 20 28 27 22 29 21 29 22 22 25 30 30 22 24 25 22 29 23 20 25 26 28 21 22 27 27 23 29 21 28 29 23 21 28 25 22 23 24 28 21 23 24 21 25 22 24 25 22 23 23 25 28 30 23 24 23 21 29 27 26 21 23 28 27 30 
29 24 29 24 27 21 20 29 27 26 22 20 28 24 21 20 27 25 20 25 28 25 21 29 30 29 25 26 7236 26 29 21 27 20 25 26 27 24 22 26 30 25 30 29 27 27 25 26 26 21 29 20 22 28 21 30 27 28 29 23 20 21 23 25 29 26 21 28 29 28 30 27 30 30 29 24 29 29 23 30 20 26 24 23 30 30 29 28 26 23 30 30 29 30 21 21 21 21 29 25 
28 30 27 23 25 27 23 29 25 30 24 20 29 27 21 30 27 24 20 21 29 22 29 20 24 30 22 29 26 7789 22 29 25 27 30 20 21 27 30 20 24 25 23 24 25 20 23 26 23 24 22 20 26 27 30 30 30 23 22 26 27 21 27 28 30 29 29 20 22 29 24 26 20 28 22 28 23 30 27 27 30 20 29 22 21 23 29 25 20 20 23 24 24 28 29 21 20 21 25 21 
26 30 28 30 30 26 23 22 25 28 20 23 20 26 24 29 25 23 28 20 20 21 24 21 20 30 29 30 29 22 8433 21 29 29 24 21 20 26 27 25 26 29 23 23 22 22 26 20 25 26 28 30 21 29 25 20 29 22 28 27 22 25 27 21 20 24 23 23 24 30 21 30 23 27 23 26 22 20 24 21 22 23 23 24 24 21 21 26 30 29 26 22 27 22 24 25 24 26 26 27 
26 23 23 24 28 28 22 23 20 25 20 22 29 27 22 22 24 20 24 27 28 30 27 20 27 30 23 25 21 29 21 9269 21 26 30 23 29 27 29 22 22 27 26 25 22 26 21 28 20 26 22 20 24 24 27 30 29 25 30 29 26 29 28 23 29 23 24 28 30 30 26 29 20 26 20 24 24 26 27 30 30 22 25 26 23 27 27 25 26 29 30 26 22 26 23 25 30 30 20 30 
27 29 20 25 24 20 25 20 22 30 30 29 30 21 26 24 28 20 22 23 30 20 26 28 26 22 21 28 27 25 29 21 7913 27 21 29 28 29 26 22 20 20 24 22 24 24 20 24 24 30 29 20 26 28 28 30 27 27 26 23 25 20 25 26 24 24 23 25 22 20 30 30 27 25 21 23 29 21 21 22 22 26 22 30 20 29 29 30 21 23 20 20 25 25 29 29 24 27 22 27 
20 21 26 28 28 26 25 22 24 25 20 21 23 27 20 26 20 29 30 30 20 30 28 29 28 29 24 22 20 27 29 26 27 7840 22 26 22 26 25 22 26 21 22 30 21 24 22 30 22 27 30 26 23 25 28 23 21 30 23 25 28 24 28 25 28 28 22 23 29 26 25 26 26 23 28 23 25 20 27 28 29 29 24 25 24 20 26 20 27 24 30 26 30 24 20 23 23 30 26 20 
24 22 21 23 23 23 23 28 20 20 24 29 23 27 21 27 30 22 29 26 21 29 28 27 25 26 24 25 25 30 24 30 21 22 9655 27 25 27 20 26 25 26 23 29 24 24 23 25 29 23 20 27 22 21 28 20 27 30 27 27 20 29 27 20 26 24 20 21 22 28 27 25 30 25 28 27 26 20 23 28 26 30 27 25 28 29 30 24 24 21 22 26 29 20 28 20 21 25 30 28 
25 25 27 30 25 30 29 21 30 22 27 24 26 29 20 22 24 27 20 20 26 29 22 20 22 30 23 20 26 20 21 23 29 26 27 8439 28 30 29 27 23 22 25 29 20 30 30 26 20 27 22 22 24 26 26 27 28 20 23 30 22 27 27 26 21 21 29 26 29 20 27 24 28 24 29 30 22 25 22 23 28 21 27 23 24 26 21 23 23 25 25 20 21 22 25 23 25 22 20 26 
20 23 22 29 27 29 21 26 21 23 28 23 20 26 21 27 26 21 20 24 27 24 30 25 30 20 30 28 27 21 20 29 28 22 25 28 7048 27 29 25 24 22 23 23 24 20 28 22 26 29 20 29 22 29 23 27 28 22 22 27 21 26 29 20 21 25 29 24 22 23 20 22 25 23 28 22 30 20 21 29 20 27 25 24 29 21 22 28 27 29 23 29 20 30 22 22 27 30 24 26 
24 22 22 29 26 21 25 28 23 24 30 28 21 28 20 29 26 23 29 23 25 21 23 30 30 20 24 27 24 27 26 27 29 26 27 30 27 9341 26 25 21 21 28 25 23 23 22 30 21 28 28 25 29 29 30 22 25 26 21 30 29 27 22 22 30 24 28 26 24 28 20 28 28 23 20 23 20 25 27 27 23 23 20 30 24 30 21 24 28 28 20 20 26 24 26 21 21 30 29 29 
22 27 25 29 25 20 28 25 26 28 26 28 22 28 30 23 29 21 22 22 22 22 28 24 22 29 21 22 22 30 27 29 26 25 20 29 29 26 9768 21 26 24 24 28 30 24 22 29 22 24 28 24 28 26 28 28 27 22 28 23 30 20 20 21 21 28 22 25 26 26 25 21 23 24 24 25 22 22 27 20 22 22 22 29 27 28 26 20 30 28 22 23 21 25 30 26 21 23 23 29 
22 20 27 22 27 21 25 30 24 22 24 21 21 30 26 27 30 27 21 30 25 30 22 20 29 26 20 29 26 20 25 22 22 22 26 27 25 25 21 9836 20 22 24 28 29 23 22 22 26 28 25 24 27 25 25 24 24 28 20 21 30 27 27 28 25 24 29 28 26 29 27 26 23 28 29 21 29 30 21 25 24 24 22 20 26 26 26 20 23 21 20 20 24 22 21 20 28 29 21 26 
28 27 30 29 22 25 25 30 28 27 23 28 22 23 30 25 24 28 25 30 20 28 21 26 26 27 22 21 30 24 26 22 20 26 25 23 24 21 26 20 8871 30 24 30 22 22 23 24 24 25 26 29 23 26 21 29 28 27 28 27 30 22 29 22 27 23 20 23 29 28 23 21 29 29 25 28 25 20 26 20 27 29 30 30 23 30 20 26 29 27 21 29 21 25 22 21 29 30 24 25 
23 28 20 22 27 28 21 21 21 29 23 23 27 20 20 21 24 29 23 20 30 27 23 29 27 25 25 29 25 25 29 27 20 21 26 22 22 21 24 22 30 7535 21 21 27 20 29 26 27 20 27 23 26 27 28 20 25 24 27 21 25 20 25 23 22 24 24 30 25 21 28 20 25 20 22 21 30 25 26 21 24 25 30 27 28 23 27 24 23 22 24 20 21 21 20 26 29 20 26 30 
26 22 30 20 30 29 27 27 20 23 28 27 28 29 23 24 26 24 30 22 29 30 30 20 27 28 29 22 30 23 23 26 24 22 23 25 23 28 24 24 24 21 7976 20 20 27 30 27 27 25 26 22 29 23 22 24 20 22 25 20 22 23 28 21 21 22 26 25 27 20 21 20 30 28 20 21 23 25 30 29 24 26 22 24 22 25 21 30 21 30 23 27 29 25 20 29 25 23 27 24 
24 23 25 20 25 27 21 26 24 29 23 29 28 26 29 28 29 25 21 21 23 21 29 21 29 29 28 22 29 24 23 25 22 30 29 29 23 25 28 28 30 21 20 8197 25 29 27 27 20 26 20 25 30 23 23 22 27 29 29 28 25 30 22 24 23 27 28 30 26 22 28 30 23 30 27 23 28 21 27 26 22 28 29 27 20 26 24 28 25 25 29 27 24 26 26 28 29 30 21 28 
29 25 25 26 24 20 20 26 23 24 22 20 30 28 28 28 21 29 22 30 25 21 22 27 26 20 24 25 27 25 22 22 24 21 24 20 24 23 30 29 22 27 20 25 7857 23 23 24 24 29 24 22 27 21 22 25 24 21 29 26 25 20 30 22 24 20 23 29 22 21 30 20 28 29 30 30 24 22 30 30 25 24 27 29 25 20 25 27 22 30 24 27 24 24 27 22 30 30 25 28 
22 25 30 20 22 27 28 22 29 22 20 29 28 24 26 22 30 23 20 21 27 30 24 25 24 25 29 30 27 20 22 26 24 24 24 30 20 23 24 23 22 20 27 29 23 8762 30 22 24 29 20 21 20 23 27 28 22 30 24 28 23 28 26 27 28 23 25 24 26 26 22 25 27 28 29 24 22 20 30 25 24 22 30 25 25 29 29 30 26 20 28 21 21 29 25 27 24 22 21 20 
29 30 28 26 24 20 24 20 26 23 28 26 28 22 30 29 24 27 27 29 23 29 30 29 24 30 25 30 25 23 26 21 20 22 23 30 28 22 22 22 23 29 30 27 23 30 9089 20 21 27 24 27 28 26 29 25 28 21 25 25 22 22 24 23 20 22 23 26 25 21 28 29 20 29 23 30 30 27 27 23 20 22 24 25 28 20 25 24 22 22 25 30 24 28 20 29 24 28 27 26 
29 20 23 27 27 22 30 22 25 27 23 24 20 22 27 30 28 30 28 30 25 29 25 28 26 30 25 22 26 26 20 28 24 30 25 26 22 30 29 22 24 26 27 27 24 22 20 7938 29 20 20 24 25 25 23 22 28 25 29 21 21 30 20 20 20 20 27 22 22 28 23 23 23 26 30 30 25 26 21 22 26 21 20 24 21 29 29 21 23 29 25 23 30 20 30 23 25 27 29 24 
24 24 24 21 27 27 28 29 20 23 28 24 30 24 28 29 29 30 25 22 21 23 30 23 23 28 30 24 26 23 25 20 24 22 29 20 26 21 22 26 24 27 27 20 24 24 21 29 9689 23 23 30 27 28 28 20 30 22 27 29 28 23 23 30 27 23 23 20 22 26 24 21 23 23 25 27 21 21 29 27 24 30 29 25 29 29 27 30 26 25 22 26 21 28 25 28 26 20 30 26 
23 29 20 29 20 25 28 27 27 20 25 24 30 30 22 23 21 22 30 22 27 26 24 23 29 20 30 25 21 24 26 26 30 27 23 27 29 28 24 28 25 20 25 26 29 29 27 20 23 7571 22 24 27 25 30 25 29 29 22 20 27 25 29 30 29 28 22 26 24 26 25 24 29 27 26 28 25 30 23 29 28 24 24 20 29 24 20 21 21 21 28 30 22 24 27 24 25 21 30 26 
30 26 22 21 27 23 26 29 24 30 25 28 27 20 25 20 24 28 21 30 21 24 24 27 28 20 27 22 29 22 28 22 29 30 20 22 20 28 28 25 26 27 26 20 24 20 24 20 23 22 9423 25 29 26 22 24 29 30 26 25 27 20 30 20 27 24 28 27 26 23 28 22 26 21 20 24 23 23 28 20 21 29 24 30 28 29 27 27 28 30 21 23 25 23 21 30 29 26 26 26 
22 28 27 26 26 24 25 25 22 26 25 25 20 29 21 28 27 23 27 21 23 20 26 22 24 29 28 29 20 20 30 20 20 26 27 22 29 25 24 24 29 23 22 25 22 21 27 24 30 24 25 7139 30 24 24 21 22 24 24 24 27 26 23 29 30 27 24 26 29 22 29 21 21 22 20 27 26 23 21 28 21 20 27 26 28 26 20 28 23 20 27 21 22 20 26 27 22 28 26 27 
26 27 30 27 23 30 25 27 20 22 26 26 28 21 21 21 28 28 24 27 24 27 22 28 21 26 28 23 22 26 21 24 26 23 22 24 22 29 28 27 23 26 29 30 27 20 28 25 27 27 29 30 9858 26 21 22 20 23 23 21 26 26 26 25 28 20 26 21 24 22 30 29 27 23 28 25 25 24 20 23 21 30 30 23 21 26 20 27 21 22 22 27 27 20 24 20 30 28 27 25 
29 25 29 20 20 30 27 27 28 20 27 22 26 20 26 30 26 23 23 21 22 27 30 23 21 21 22 20 28 27 29 24 28 25 21 26 29 29 26 25 26 27 23 23 21 23 26 25 28 25 26 24 26 7407 26 24 21 25 27 29 23 24 26 28 20 23 22 30 26 26 22 30 20 29 20 21 25 27 25 30 21 25 21 24 28 26 30 25 26 30 28 21 20 26 20 26 28 24 23 30 
22 21 27 20 20 24 30 23 30 28 30 20 28 20 29 21 30 30 20 24 21 30 27 26 30 28 26 25 21 30 25 27 28 28 28 26 23 30 28 25 21 28 22 23 22 27 29 23 28 30 22 24 21 26 7901 20 21 22 24 28 25 24 23 30 27 20 21 28 27 30 28 20 25 30 27 24 22 22 27 26 29 29 20 20 22 26 28 29 21 30 20 25 30 23 30 28 23 24 20 29 
21 22 22 24 24 26 25 20 26 28 25 22 27 27 29 24 30 23 30 25 21 21 28 30 29 24 27 26 30 30 20 30 30 23 20 27 27 22 28 24 29 20 24 22 25 28 25 22 20 25 24 21 22 24 20 7587 23 27 28 26 28 22 27 24 28 26 30 28 30 20 23 21 20 25 22 22 29 24 30 27 29 21 30 22 24 30 27 29 23 28 22 24 25 22 26 28 30 20 21 26 
29 26 25 27 28 29 29 26 26 26 29 25 24 23 20 23 21 21 30 21 28 26 26 26 23 28 26 28 27 30 29 29 27 21 27 28 28 25 27 24 28 25 20 27 24 22 28 28 30 29 29 22 20 21 21 23 8506 30 29 23 29 21 25 26 25 27 29 26 26 22 30 29 20 21 21 20 27 30 23 20 27 28 27 26 29 23 26 21 27 30 23 27 27 27 25 30 21 25 29 30 
26 30 30 27 24 30 22 21 21 27 29 27 28 27 30 23 20 24 28 23 28 27 24 20 26 27 21 21 28 23 22 25 27 30 30 20 22 26 22 28 27 24 22 29 21 30 21 25 22 29 30 24 23 25 22 27 30 9310 20 27 27 23 29 25 22 20 20 22 26 30 24 26 28 22 21 24 28 28 23 23 27 24 29 29 30 20 20 25 29 20 26 20 30 27 22 20 30 28 22 21 
21 23 20 25 27 24 28 29 20 24 28 23 21 29 29 24 21 29 21 27 22 22 23 25 29 30 21 22 29 22 28 30 26 23 27 23 22 21 28 20 28 27 25 29 29 24 25 29 27 22 26 24 23 27 24 28 29 20 7356 29 26 20 28 29 20 30 24 22 26 21 22 28 26 26 28 27 28 29 29 23 22 21 25 30 28 30 29 30 21 29 20 25 26 27 27 25 25 26 25 24 
27 21 30 23 28 30 23 28 24 26 28 29 25 30 26 23 24 26 24 24 27 29 29 22 30 26 28 27 23 26 27 29 23 25 27 30 27 30 23 21 27 21 20 28 26 28 25 21 29 20 25 24 21 29 28 26 23 27 29 8278 29 25 29 26 30 27 29 27 27 20 30 21 28 30 28 30 25 29 29 23 30 29 26 20 24 22 22 21 23 23 20 27 27 22 22 23 22 20 30 30 
30 28 22 22 25 24 29 25 28 22 28 24 24 26 23 20 21 29 28 28 27 27 20 20 27 28 25 27 20 27 22 26 25 28 20 22 21 29 30 30 30 25 22 25 25 23 22 21 28 27 27 27 26 23 25 28 29 27 26 29 8394 25 23 21 21 25 24 26 23 25 23 26 24 25 24 25 29 29 22 26 20 28 30 21 28 29 20 27 25 24 21 30 22 29 25 28 20 26 22 24 
24 30 26 28 30 27 30 27 27 30 21 25 25 21 29 22 26 25 30 28 29 24 22 23 24 20 22 23 21 21 25 29 20 24 29 27 26 27 20 27 22 20 23 30 20 28 22 30 23 25 20 26 26 24 24 22 21 23 20 25 25 7259 24 30 25 29 23 22 23 30 25 21 20 21 22 26 27 30 26 24 29 25 25 23 22 29 23 28 22 24 23 30 30 26 22 24 23 29 28 28 
27 26 20 28 23 20 26 26 23 27 27 29 24 29 27 27 22 24 29 22 22 26 25 25 29 25 30 29 23 27 27 28 25 28 27 27 29 22 20 27 29 25 28 22 30 26 24 20 23 29 30 23 26 26 23 27 25 29 28 29 23 24 7776 22 28 23 26 27 26 22 22 26 25 24 21 30 28 22 20 30 30 27 23 21 29 20 29 22 26 30 28 28 22 30 25 26 29 28 29 24 
24 30 25 20 28 26 25 21 26 23 23 29 23 26 29 30 27 22 24 29 30 26 27 20 22 20 24 21 25 28 21 23 26 25 20 26 20 22 21 28 22 23 21 24 22 27 23 20 30 30 20 29 25 28 30 24 26 25 29 26 21 30 22 9738 26 27 28 28 28 28 26 30 28 27 25 27 30 24 23 24 27 30 22 20 23 29 28 28 25 26 23 21 28 23 20 21 22 25 22 25 
23 22 24 29 26 28 23 21 21 22 26 20 26 27 25 29 21 22 23 25 28 26 30 29 23 29 24 28 29 30 20 29 24 28 26 21 21 30 21 25 27 22 21 23 24 28 20 20 27 29 27 30 28 20 27 28 25 22 20 30 21 25 28 26 7694 22 23 23 28 23 26 21 22 28 20 22 24 28 23 26 20 26 22 20 22 27 22 21 25 26 24 25 26 25 20 21 22 23 24 20 
30 29 20 29 22 25 23 29 23 29 25 26 26 24 20 22 24 21 25 24 29 27 21 29 20 30 29 29 26 29 24 23 24 28 24 21 25 24 28 24 23 24 22 27 20 23 22 20 23 28 24 27 20 23 20 26 27 20 30 27 25 29 23 27 22 8141 29 28 26 27 29 25 27 27 27 24 30 27 22 25 24 27 23 21 23 21 24 21 23 23 30 26 24 24 27 28 21 28 27 29 
23 22 22 28 25 23 28 23 26 26 28 22 21 26 25 30 25 29 30 26 21 26 21 25 23 25 25 23 21 29 23 24 23 22 20 29 29 28 22 29 20 24 26 28 23 25 23 27 23 22 28 24 26 22 21 30 29 20 24 29 24 23 26 28 23 29 8181 22 27 29 20 26 20 20 25 28 24 26 30 20 25 25 26 30 20 22 20 28 20 26 20 21 20 25 29 24 28 28 21 29 
23 30 22 30 20 30 20 25 27 26 23 25 29 26 29 23 20 21 21 24 24 26 29 30 22 21 28 21 28 20 23 28 25 23 21 26 24 26 25 28 23 30 25 30 29 24 26 22 20 26 27 26 21 30 28 28 26 22 22 27 26 22 27 28 23 28 22 7702 25 28 27 23 20 22 25 21 27 20 26 22 23 23 28 21 20 25 30 25 27 26 25 25 29 26 21 24 22 26 26 25 
26 30 30 27 22 27 30 30 24 28 29 22 26 26 22 25 28 28 23 21 27 27 27 22 20 28 20 28 29 22 24 30 22 29 22 29 22 24 26 26 29 25 27 26 22 26 25 22 22 24 26 29 24 26 27 30 26 26 26 27 23 23 26 28 28 26 27 25 9782 22 26 21 21 22 27 23 25 30 22 30 22 24 27 23 20 22 25 28 27 20 25 29 28 22 22 30 22 22 20 22 
22 29 27 30 30 20 21 30 29 30 25 20 22 25 24 23 30 23 26 28 30 22 26 25 23 29 23 25 28 29 30 30 20 26 28 20 23 28 26 29 28 21 20 22 21 26 21 28 26 26 23 22 22 26 30 20 22 30 21 20 25 30 22 28 23 27 29 28 22 7930 21 30 23 22 27 23 22 24 24 21 30 26 29 27 20 21 24 24 24 27 22 23 28 27 20 29 20 22 26 29 
25 24 25 22 29 30 27 29 26 29 23 30 21 29 28 28 25 28 24 28 27 28 28 21 21 29 24 22 30 24 21 26 30 25 27 27 20 20 25 27 23 28 21 28 30 22 28 23 24 25 28 29 30 22 28 23 30 24 22 30 23 25 22 26 26 29 20 27 26 21 7830 27 23 29 22 29 30 25 29 29 28 28 30 27 21 23 26 30 27 30 30 29 29 28 23 23 24 26 26 27 
20 25 24 21 20 23 26 23 29 25 22 30 24 27 22 20 29 24 28 30 30 24 24 21 21 30 20 23 27 26 30 29 30 26 25 24 22 28 21 26 21 20 20 30 20 25 29 23 21 24 22 21 29 30 20 21 29 26 28 21 26 21 26 30 21 25 26 23 21 30 27 9069 23 22 25 20 26 24 22 24 29 20 25 29 26 25 25 23 25 27 22 20 25 28 20 25 22 25 30 29 
24 30 20 27 27 30 23 29 24 25 28 21 28 22 22 25 30 21 25 21 30 24 24 24 29 27 26 24 30 20 23 20 27 26 30 28 25 28 23 23 29 25 30 23 28 27 20 23 23 29 26 21 27 20 25 20 20 28 26 28 24 20 25 28 22 27 20 20 21 23 23 23 9938 30 30 21 28 23 22 20 22 22 27 26 21 24 22 26 28 29 24 30 26 25 24 21 22 23 20 25 
21 22 20 25 28 30 24 27 21 21 28 20 25 21 21 22 28 21 28 30 26 23 25 23 29 27 21 28 30 28 27 26 25 23 25 24 23 23 24 28 29 20 28 30 29 28 29 26 23 27 21 22 23 29 30 25 21 22 26 30 25 21 24 27 28 27 20 22 22 22 29 22 30 8006 25 23 20 27 30 22 24 26 29 20 25 26 29 27 25 26 27 26 27 26 25 22 29 25 21 29 
28 20 23 24 22 26 28 21 26 21 24 24 30 23 21 20 29 28 27 20 21 29 27 25 27 23 28 21 29 22 23 20 21 28 28 29 28 20 24 29 25 22 20 27 30 29 23 30 25 26 20 20 28 20 27 22 21 21 28 28 24 22 21 25 20 27 25 25 27 27 22 25 30 25 9752 28 29 30 28 20 23 26 30 21 26 20 23 25 24 21 27 28 30 22 21 25 28 27 20 24 
20 30 23 26 25 24 28 25 21 29 27 30 20 23 29 28 22 27 21 25 23 20 22 29 20 29 28 23 24 28 26 24 23 23 27 30 22 23 25 21 28 21 21 23 30 24 30 30 27 28 24 27 25 21 24 22 20 24 27 30 25 26 30 27 22 24 28 21 23 23 29 20 21 23 28 7570 25 22 28 23 20 22 27 24 28 23 22 30 30 25 26 25 30 21 28 24 29 23 20 27 
22 28 26 24 23 29 21 24 25 29 26 26 22 30 23 23 21 29 25 26 28 27 20 29 21 22 22 24 29 23 22 24 29 25 26 22 30 20 22 29 25 30 23 28 24 22 30 25 21 25 23 26 25 25 22 29 27 28 28 25 29 27 28 30 24 30 24 27 25 22 30 26 28 20 29 25 7520 24 28 23 26 24 20 24 23 21 27 23 29 27 26 23 28 24 22 26 29 24 29 21 
22 29 29 20 25 21 29 28 26 28 27 24 20 24 22 24 23 23 22 20 24 21 23 23 24 28 29 21 29 30 20 26 21 20 20 25 20 25 22 30 20 25 25 21 22 20 27 26 21 30 23 23 24 27 22 24 30 28 29 29 29 30 22 24 28 27 26 20 30 24 25 24 23 27 30 22 24 8593 20 21 30 24 21 28 30 28 28 29 26 24 25 21 23 26 23 23 22 26 23 30 
25 21 23 22 30 22 26 27 22 20 27 25 27 24 20 23 20 25 30 20 24 20 28 22 28 23 20 25 23 27 24 27 21 27 23 22 21 27 27 21 26 26 30 27 30 30 27 21 29 23 28 21 20 25 27 30 23 23 29 29 22 26 20 23 23 22 30 26 22 24 29 22 22 30 28 28 28 20 9603 26 26 21 25 28 26 25 30 27 26 30 21 30 24 23 23 20 30 26 22 30 
30 20 20 22 28 26 20 24 28 25 24 20 29 22 20 26 24 23 29 26 27 23 25 22 27 22 23 22 30 27 21 30 22 28 28 23 29 27 20 25 20 21 29 26 30 25 23 22 27 29 20 28 23 30 26 27 20 23 23 23 26 24 30 24 26 25 20 22 30 21 29 24 20 22 20 23 23 21 26 7583 20 20 24 24 24 23 29 29 27 22 20 29 22 27 30 23 26 22 30 26 
23 24 21 21 22 23 30 20 22 27 30 24 30 27 30 29 26 28 22 20 24 28 21 20 29 27 30 24 20 30 22 30 22 29 26 28 20 23 22 24 27 24 24 22 25 24 20 26 24 28 21 21 21 21 29 29 27 27 22 30 20 29 30 27 20 24 25 23 22 30 28 29 22 24 23 20 26 30 26 20 7884 25 24 26 28 21 26 26 20 30 20 23 21 26 22 20 25 21 27 20 
26 29 20 25 27 24 23 28 27 29 28 21 22 29 26 27 22 29 26 20 25 28 28 24 26 26 25 25 26 20 23 22 26 29 30 21 27 23 22 24 29 25 26 28 24 22 22 21 30 24 29 20 30 25 29 21 28 24 21 29 28 25 27 30 26 27 25 23 24 26 28 20 22 26 26 22 24 24 21 20 25 8171 28 23 27 21 21 24 27 20 21 22 29 26 26 26 22 28 29 21 
28 30 22 26 30 26 29 26 30 30 22 25 23 24 29 22 28 29 24 23 28 27 30 22 21 23 25 22 24 29 23 25 22 24 27 27 25 20 22 22 30 30 22 29 27 30 24 20 29 24 24 27 30 21 20 30 27 29 25 26 30 25 23 22 22 23 26 28 27 29 30 25 27 29 30 27 20 21 25 24 24 28 9028 21 23 24 30 29 27 21 28 29 26 27 30 22 25 22 27 26 
20 26 25 25 28 28 27 20 24 27 26 20 30 26 28 27 28 25 30 22 22 22 23 27 23 22 28 23 23 22 24 26 30 25 25 23 24 30 29 20 30 27 24 27 29 25 25 24 25 20 30 26 23 24 20 22 26 29 30 20 21 23 21 20 20 21 30 21 23 27 27 29 26 20 21 24 24 28 28 24 26 23 21 7841 30 20 27 26 22 22 27 29 27 20 24 27 23 26 25 30 
27 26 24 30 30 20 30 29 28 21 23 22 24 24 28 24 23 25 24 26 21 20 24 21 24 25 25 23 30 21 24 23 20 24 28 24 29 24 27 26 23 28 22 20 25 25 28 21 29 29 28 28 21 28 22 24 29 30 28 24 28 22 29 23 22 23 20 20 20 20 21 26 21 25 26 28 23 30 26 24 28 27 23 30 9078 28 24 30 21 27 30 23 28 22 25 23 24 27 27 21 
23 23 22 27 26 24 28 24 30 30 29 24 24 22 26 27 20 24 26 30 22 29 28 25 28 22 22 25 30 23 21 27 29 20 29 26 21 30 28 26 30 23 25 26 20 29 20 29 29 24 29 26 26 26 26 30 23 20 30 22 29 29 20 29 27 21 22 25 22 21 23 25 24 26 20 23 21 28 25 23 21 21 24 20 28 9145 30 23 24 25 30 30 23 27 28 27 27 21 28 24 
25 29 22 27 22 22 25 26 22 27 22 21 22 22 22 29 30 20 28 26 24 24 20 22 24 20 21 28 29 29 21 27 29 26 30 21 22 21 26 26 20 27 21 24 25 29 25 29 27 20 27 20 20 30 28 27 26 20 29 22 20 23 29 28 22 24 20 30 25 24 26 25 22 29 23 22 27 28 30 29 26 21 30 27 24 30 7057 30 24 23 21 24 26 24 23 30 26 26 24 29 
23 30 28 27 21 29 22 27 27 23 26 22 23 21 25 30 30 25 26 21 28 22 22 25 29 20 23 30 28 25 26 25 30 20 24 23 28 24 20 20 26 24 30 28 27 30 24 21 30 21 27 28 27 25 29 29 21 25 30 21 27 28 22 28 21 21 28 25 28 24 30 23 26 27 25 30 23 29 27 29 26 24 29 26 30 23 30 8045 24 28 27 23 25 27 21 24 20 26 21 22 
24 23 30 25 26 24 28 29 29 30 20 23 26 30 29 24 27 22 30 22 27 29 21 21 22 26 24 23 26 20 30 26 21 27 24 23 27 28 30 23 29 23 21 25 22 26 22 23 26 21 28 23 21 26 21 23 27 29 21 23 25 22 26 25 25 23 20 27 27 24 27 25 28 25 24 30 29 26 26 27 20 27 27 22 21 24 24 24 7910 28 29 30 28 30 26 22 24 23 22 21 
21 25 20 25 28 29 28 22 26 23 24 22 27 24 20 25 29 27 20 25 22 23 25 28 20 21 29 24 23 20 29 29 23 24 21 25 29 28 28 21 27 22 30 25 30 20 22 29 25 21 30 20 22 30 30 28 30 20 29 23 24 24 30 26 26 23 26 26 20 27 30 27 29 26 21 25 27 24 30 22 30 20 21 22 27 25 23 28 28 9287 28 22 23 20 27 23 25 28 25 30 
20 24 24 29 22 29 29 24 20 24 20 24 22 25 27 24 22 20 23 22 20 25 20 24 20 27 20 23 30 23 26 30 20 30 22 25 23 20 22 20 21 24 23 29 24 28 25 25 22 28 21 27 22 28 20 22 23 26 20 20 21 23 28 23 24 30 20 25 25 22 30 22 24 27 27 26 26 25 21 20 20 21 28 27 30 30 21 27 29 28 7106 23 26 22 26 26 21 30 24 23 
23 26 22 29 20 22 20 20 23 21 27 22 27 28 30 21 30 27 23 20 22 25 23 29 20 29 25 21 30 24 22 26 20 26 26 20 29 20 23 20 29 20 27 27 27 21 30 23 26 30 23 21 27 21 25 24 27 20 25 27 30 30 28 21 25 26 21 25 29 23 29 20 30 26 28 25 23 21 30 29 23 22 29 29 23 30 24 23 30 22 23 7400 26 24 21 24 27 27 23 20 
23 20 20 29 28 28 26 20 22 23 24 29 30 23 30 24 23 23 28 23 22 22 25 30 22 25 21 29 29 24 27 22 25 30 29 21 20 26 21 24 21 21 29 24 24 21 24 30 21 22 25 22 27 20 30 25 27 30 26 27 22 30 22 28 26 24 20 29 28 28 29 25 26 27 30 30 28 23 24 22 21 29 26 27 28 23 26 25 28 23 26 26 9581 22 24 27 29 22 30 22 
26 26 20 23 29 25 26 22 21 29 21 30 24 27 25 25 23 26 22 20 23 21 23 22 29 25 21 27 30 28 22 26 25 24 20 22 30 24 25 22 25 21 25 26 24 29 28 20 28 24 23 20 20 26 23 22 27 27 27 22 29 26 30 23 25 24 25 26 22 27 28 28 25 26 22 21 24 26 23 27 26 26 27 20 22 27 24 27 30 20 22 24 22 9781 29 21 29 26 22 25 
26 21 27 25 26 21 21 30 25 20 22 24 22 27 30 30 24 20 29 21 28 20 26 25 28 25 23 26 21 29 24 23 29 20 28 25 22 26 30 21 22 20 20 26 27 25 20 30 25 27 21 26 24 20 30 26 25 22 27 22 25 22 25 20 20 27 29 21 22 20 23 20 24 25 21 28 22 23 23 30 22 26 30 24 25 28 23 21 26 27 26 21 24 29 9781 27 22 22 27 24 
27 28 22 23 22 24 25 22 22 21 22 29 24 22 29 21 24 27 22 21 26 26 30 23 23 21 24 21 21 21 25 25 29 23 20 23 22 21 26 20 21 26 29 28 22 27 29 23 28 24 30 27 20 26 28 28 30 20 25 23 28 24 26 21 21 28 24 24 30 29 23 25 21 22 25 24 26 23 20 23 20 26 22 27 23 27 30 24 22 23 26 24 27 21 27 9518 29 24 20 29 
23 21 20 29 21 28 21 24 26 21 29 24 29 29 28 23 29 26 25 23 23 26 24 21 29 24 23 23 21 20 24 30 24 23 21 25 27 21 21 28 29 29 25 29 30 24 24 25 26 25 29 22 30 28 23 30 21 30 25 22 20 23 29 22 22 21 28 22 22 20 24 22 22 29 28 29 29 22 30 26 25 22 25 23 24 27 26 20 24 25 21 27 29 29 22 29 7499 29 23 27 
26 29 21 20 24 22 20 24 20 24 28 28 30 27 21 29 24 30 22 23 20 20 21 27 27 28 20 28 21 21 26 30 27 30 25 22 30 30 23 29 30 20 23 30 30 22 28 27 20 21 26 28 28 24 24 20 25 28 26 20 26 29 28 25 23 28 28 26 22 22 26 25 23 25 27 23 24 26 26 22 21 28 22 26 27 21 26 26 23 28 30 27 22 26 22 24 29 7069 28 27 
23 25 27 27 26 21 21 24 30 28 25 26 23 20 22 22 28 28 29 23 23 29 25 20 26 25 27 27 29 25 26 20 22 26 30 20 24 29 23 21 24 26 27 21 25 21 27 29 30 30 26 26 27 23 20 21 29 22 25 30 22 28 29 22 24 27 21 26 20 26 26 30 20 21 20 20 29 23 22 30 27 29 27 25 27 28 24 21 22 25 24 23 30 22 27 20 23 28 9581 25 
30 30 23 22 21 24 20 21 27 23 28 24 28 22 25 30 25 24 22 21 26 29 22 22 26 22 30 30 25 21 27 30 27 20 28 26 26 29 29 26 25 30 24 28 28 20 26 24 26 26 26 27 25 30 29 26 30 21 24 30 24 28 24 25 20 29 29 25 22 29 27 29 25 29 24 27 21 30 30 26 20 21 26 30 21 24 29 22 21 30 23 20 22 25 24 29 27 27 25 8127 