100
0 1 2 3 4 5 6 7 8 9 10 11 12 13 14 15 16 17 18 19 20 21 22 23 24 25 26 27 28 29 30 31 32 33 34 35 36 37 38 39 40 41 42 43 44 45 46 47 48 49 50 51 52 53 54 55 56 57 58 59 60 61 62 63 64 65 66 67 68 69 70 71 72 73 74 75 76 77 78 79 80 81 82 83 84 85 86 87 88 89 90 91 92 93 94 95 96 97 98 99
0
8809 65 58 90 93 63 55 70 63 82 x x x 54 53 82 95 63 94 65 56 70 63 65 63 69 x 53 64 98 x 90 56 75 74 81 52 99 94 x x 80 x x 84 76 x x 70 61 68 95 x 82 65 74 x 72 80 98 51 84 74 61 51 x 91 98 73 x 70 70 82 65 86 53 x 59 62 x 62 61 x 99 x x 60 x 50 94 70 x 94 90 87 88 56 55 87 x
65 4972 96 58 x 81 x 74 80 x 67 92 x x 91 x 76 67 69 88 x 62 x 70 57 x 93 60 84 64 54 56 x 79 x 62 85 85 56 87 69 76 x 93 50 74 60 60 65 66 63 88 97 91 x 62 53 61 84 64 x 93 86 83 x 93 54 93 71 87 x 98 98 x x 61 67 x 70 75 x 98 79 84 73 95 90 x x 60 x x x 97 54 87 68 71 79 79
58 96 7086 85 77 93 61 88 66 90 56 60 x 54 x x 57 85 64 95 61 86 83 83 x x x 66 86 64 x 95 80 90 96 72 58 75 85 80 67 76 52 89 x 52 58 71 x 84 82 x x 68 x 60 97 95 67 x 79 x 72 93 x 62 99 70 x 99 54 76 x x 95 92 51 81 54 83 75 69 x 66 95 68 94 68 91 95 94 68 88 x 92 59 91 52 x 56
90 58 85 6553 55 84 99 99 82 x 54 82 66 71 68 79 72 x x 51 81 96 x 80 85 62 x 83 65 92 65 x x 92 98 81 75 80 96 x 72 x x x 68 73 x 95 68 51 61 70 94 98 99 62 96 91 x 80 73 69 86 58 81 89 70 81 x 76 56 x 66 50 x 67 59 71 82 84 x 63 59 85 94 62 94 62 70 x 79 62 95 81 89 93 x x 53 93
93 x 77 55 9041 87 51 x 79 x 50 80 x 90 81 73 73 98 61 89 x 51 62 93 51 x 60 95 x 89 73 78 x 56 x 58 51 x 63 59 50 x 56 61 89 56 x 57 62 67 65 x 63 90 80 92 66 x 68 58 96 62 83 x 62 81 76 95 67 x 52 69 87 74 88 x 94 87 77 51 62 64 95 53 75 x 65 94 51 66 92 61 54 51 x 62 66 x 65 97
63 81 93 84 87 5291 x 91 95 51 x 72 52 58 61 83 68 54 77 85 85 96 x 51 63 x 62 x 85 60 77 60 82 69 88 65 93 75 61 76 59 58 78 x 65 72 62 67 90 97 x 64 65 54 66 72 x 90 79 71 x 79 79 86 71 58 56 76 98 61 97 68 80 88 91 58 x x 84 96 84 64 x 77 54 56 79 59 84 63 67 99 66 x 97 72 x 72 66 68
55 x 61 99 51 x 7947 88 x x x 54 75 82 75 50 89 92 51 76 82 50 84 61 x 52 61 98 67 55 59 65 94 58 79 x x 71 56 60 x 92 96 67 54 82 51 85 82 87 77 97 x x 73 x 70 66 99 80 78 96 98 80 93 x x 63 73 90 57 82 50 81 x 53 58 x 62 x 95 93 93 x 79 77 57 x 56 x 66 x x 97 x 60 x 51 71 51
70 74 88 99 x 91 88 4521 50 57 97 x 73 86 x 52 85 x 66 64 78 x 82 80 79 56 69 62 x x x 86 95 84 57 x 54 x 92 59 x 81 x 58 94 51 89 80 88 x 88 63 78 x 92 x 86 x 52 61 x 58 84 88 x 66 x 63 90 x 81 x 81 56 84 76 x 69 76 76 63 67 82 86 63 98 x 69 x 61 66 x 57 x x 58 76 x 74 x
63 80 66 82 79 95 x 50 8319 91 74 77 x x 54 92 84 55 x 79 98 63 61 70 x 87 53 81 64 80 50 74 62 77 x 52 x 51 51 72 91 84 77 54 85 x 73 86 81 64 x 78 x 90 70 x 67 x 93 51 x 61 78 x 87 x 64 70 99 88 59 52 51 74 94 x 82 77 96 94 59 x x x 88 95 x 62 84 64 82 x 62 64 78 x 82 53 70 73
82 x 90 x x 51 x 57 91 2982 x 70 x 52 96 85 x x 82 99 x 99 71 64 68 59 85 97 x x 83 92 73 89 50 66 54 76 84 69 71 78 89 x 65 71 87 75 x 84 76 58 73 83 82 73 76 x 76 90 90 62 86 88 74 50 61 71 x 90 92 93 86 65 x 85 68 52 85 58 72 64 91 54 x 74 87 x 87 74 82 51 74 70 60 84 77 57 x 87
x 67 56 54 50 x x 97 74 x 2473 69 86 62 x 72 78 88 59 x 97 94 x x 84 x 74 x 79 x 72 51 90 96 x 53 x 66 95 x 59 78 69 58 96 52 x 53 96 66 x 79 50 55 62 78 60 93 94 83 59 72 x x 75 72 79 52 56 98 68 72 91 70 78 66 85 x x 76 50 x 80 x 63 81 85 84 96 92 69 61 85 59 96 58 58 62 x 72
x 92 60 82 80 72 54 x 77 70 69 8200 88 56 58 51 x x 60 85 60 59 83 92 65 58 63 x 57 x 87 64 88 68 59 51 62 84 55 84 x 69 x x 72 91 x 67 x 87 80 71 56 93 x 74 52 56 62 70 78 60 x x 90 82 x 82 77 84 75 x 67 73 67 62 x 87 98 x x 83 55 x 60 74 95 93 x 77 78 52 79 63 x 71 50 76 70 x
x x x 66 x 52 75 73 x x 86 88 3800 x x x 90 82 83 83 97 66 90 74 76 x 97 73 87 59 x 75 x 76 75 93 65 71 x 94 76 68 59 65 71 76 67 57 x 53 67 87 x 81 x 78 53 84 x x 85 77 73 59 73 52 85 64 77 71 71 74 91 94 56 x 98 90 79 x 68 73 55 64 75 98 82 93 85 75 72 84 x 61 87 81 83 66 57 58
54 x 54 71 90 58 82 86 x 52 62 56 x 145 92 92 63 94 94 87 69 x 66 83 73 90 65 x 51 54 76 53 x 53 73 54 67 85 x 66 89 77 x 69 85 x 71 57 x x 53 90 55 58 58 x 50 x 90 97 74 80 75 61 80 60 x 74 97 64 97 54 83 57 71 x 58 99 68 69 89 70 86 78 56 x 72 72 x x 98 91 68 76 67 84 90 87 91 52
53 91 x 68 81 61 75 x 54 96 x 58 x 92 5453 x x 86 67 x 61 56 86 82 64 x 68 87 60 95 x x 61 63 74 86 55 84 x x 77 61 x 75 93 x 56 78 50 53 54 x 69 52 84 x 84 x 59 55 66 62 68 x 90 86 63 61 69 65 50 78 x 51 x x x 95 78 51 84 88 65 83 62 50 92 52 74 x 67 80 78 50 55 96 51 84 94 84
82 x x 79 73 83 50 52 92 85 72 51 x 92 x 9618 54 86 85 54 80 90 x x 50 61 68 57 90 86 55 78 x x x 79 x x 77 x 83 81 x 64 54 x 70 52 59 78 83 83 x 91 95 53 91 53 62 90 x 55 82 81 64 98 95 90 82 x 96 x 93 99 59 x x 54 59 95 62 80 54 x 59 77 50 x 57 50 83 x 66 60 70 x 75 83 57 96
95 76 57 72 73 68 89 85 84 x 78 x 90 63 x 54 335 90 87 59 71 70 77 73 98 91 59 99 61 65 75 70 86 72 68 97 x x 75 x 70 70 82 60 98 70 x 79 58 x 80 87 86 64 88 98 55 96 x 86 89 62 51 89 76 77 61 88 x 54 83 96 84 79 x 87 73 63 99 62 80 93 72 90 65 99 79 57 x 60 65 70 57 67 56 51 x x 51 70
63 67 85 x 98 54 92 x 55 x 88 x 82 94 86 86 90 8569 x 69 81 89 x 86 69 68 x x 82 x 70 x 88 52 60 76 67 94 50 96 x 88 55 89 92 73 99 54 96 90 87 74 51 83 99 91 85 98 57 93 55 98 x 54 84 55 90 83 73 89 94 60 93 65 69 79 59 x x 83 x x 90 71 82 x x x 94 93 67 x 62 82 90 60 68 63 93 80
94 69 64 x 61 77 51 66 x 82 59 60 83 94 67 85 87 x 7475 94 53 88 63 57 52 x 81 73 98 x 85 57 92 90 92 68 x 84 69 75 68 82 50 80 74 75 x 86 88 x 69 79 81 51 90 x x 72 73 77 76 65 79 75 x x 89 97 91 77 76 65 91 70 71 79 74 54 64 x 82 80 67 92 x 98 97 89 86 x 82 63 56 66 50 x x 63 59 59
65 88 95 51 89 85 76 64 79 99 x 85 83 87 x 54 59 69 94 3318 98 53 53 x 86 88 x 57 91 52 52 92 66 66 68 61 70 68 x 52 82 66 89 66 88 55 73 93 50 66 x 86 82 x 81 65 71 84 92 67 62 83 52 52 73 56 95 77 55 79 66 x x 65 99 78 52 69 57 81 92 99 60 57 53 58 69 73 86 96 51 59 x 96 64 x 62 56 86 50
56 x 61 81 x 85 82 78 98 x 97 60 97 69 61 80 71 81 53 98 4036 x 75 x 95 65 67 x 98 67 79 60 54 77 88 53 x x 60 95 55 78 50 50 65 89 64 x 69 x 56 76 71 94 82 60 x 69 97 50 79 97 x 93 70 86 76 53 74 84 x x 94 81 91 73 96 x 50 64 78 73 95 84 72 82 x 98 x x 80 83 50 78 69 x 77 71 72 95
70 62 86 96 51 96 50 x 63 99 94 59 66 x 56 90 70 89 88 53 x 4310 52 65 67 56 60 87 96 97 86 89 68 57 x 61 87 86 78 68 x 94 97 x x 87 80 x 86 89 59 x 94 72 66 92 99 62 93 84 90 x 91 74 x 57 52 67 85 93 67 90 x x x 53 x 54 72 63 57 89 60 x 73 56 99 78 x 86 x x 73 54 59 77 96 x 81 52
63 x 83 x 62 x 84 82 61 71 x 83 90 66 86 x 77 x 63 53 75 52 6044 x 51 82 99 x 89 57 99 63 61 x 86 89 75 95 99 68 88 91 94 65 61 61 x 67 86 80 68 70 x 97 60 57 64 92 79 96 80 98 84 61 70 60 66 75 54 90 64 71 51 57 95 65 83 71 51 95 73 62 85 92 56 77 60 98 80 75 88 96 91 x 59 64 x 97 80 59
65 70 83 80 93 51 61 80 70 64 x 92 74 83 82 x 73 86 57 x x 65 x 7375 68 77 80 90 69 68 x 79 89 79 x 62 98 96 x 60 76 x 56 x 77 94 x 64 x x x 81 64 87 74 x 92 59 71 x 59 x 73 x 56 51 70 95 54 83 x x 98 x 70 56 64 62 65 x 53 59 73 65 51 x 88 60 95 52 x 95 59 57 81 67 55 x x 81
63 57 x 85 51 63 x 79 x 68 84 65 76 73 64 50 98 69 52 86 95 67 51 68 2730 x x 82 51 65 79 53 66 78 x 94 x 59 x 57 x 79 77 83 70 76 58 52 58 93 77 78 92 80 58 61 72 57 81 x 62 95 65 51 80 74 56 95 x x 81 96 97 61 95 54 90 63 71 94 95 x 93 63 59 89 x 79 76 73 x 97 72 79 62 51 73 85 x 93
69 x x 62 x x 52 56 87 59 x 58 x 90 x 61 91 68 x 88 65 56 82 77 x 7228 x x 88 69 58 63 66 x 67 x 73 65 93 69 94 98 63 82 76 93 99 58 86 56 51 80 90 x 57 61 86 68 x 66 93 89 52 62 79 79 82 x x 84 84 54 90 99 77 71 x 65 61 x 65 76 x 79 69 94 66 66 52 66 91 81 76 x 82 x 86 x x x
x 93 x x 60 62 61 69 53 85 74 63 97 65 68 68 59 x 81 x 67 60 99 80 x x 6062 63 x 61 99 77 74 x 60 88 x 68 54 57 66 x x 67 71 78 x 99 51 96 x 53 80 93 54 50 52 82 92 74 x 58 54 67 97 86 82 77 x x 91 66 x 64 92 71 73 77 x 57 76 56 89 x 98 65 78 70 83 92 60 81 65 60 69 67 54 72 59 96
53 60 66 83 95 x 98 62 81 97 x x 73 x 87 57 99 x 73 57 x 87 x 90 82 x 63 8154 x 87 72 72 75 x x 55 95 x 63 95 89 70 83 83 87 64 61 78 x 98 x 54 80 87 59 x 90 76 51 75 88 57 78 97 74 x 92 x 80 76 84 61 55 93 53 61 66 74 x 71 83 79 x x 86 56 57 60 x 92 x x x x 92 81 69 53 82 80
64 84 86 65 x 85 67 x 64 x 79 57 87 51 60 90 61 82 98 91 98 96 89 69 51 88 x x 4833 62 82 x 58 69 62 86 60 62 92 96 x x 63 x 98 92 99 83 52 84 65 x 65 69 66 x 58 51 87 81 98 53 69 90 92 54 x 57 64 x 99 53 87 x 52 50 x 93 57 55 76 97 x 95 x 92 64 50 x 53 x x 51 73 73 67 87 x 66 72
98 64 64 92 89 60 55 x 80 x x x 59 54 95 86 65 x x 52 67 97 57 68 65 69 61 87 62 1142 82 54 58 66 x 57 56 71 x x 82 50 72 58 72 63 77 x 67 x 50 x 96 78 x 74 x 82 55 70 58 92 x 72 62 91 84 91 60 84 79 x 83 51 71 52 58 92 x 59 79 88 61 63 55 78 x 88 x 68 95 62 51 87 71 50 68 78 54 66
x 54 x 65 73 77 59 x 50 83 72 87 x 76 x 55 75 70 85 52 79 86 99 x 79 58 99 72 82 82 9098 94 x 57 66 x 53 63 63 92 79 68 x 71 73 x x 54 57 x 55 x 80 88 x x 76 60 93 86 54 85 89 68 88 x 56 54 71 67 74 72 96 72 70 92 84 60 67 64 x 86 85 62 94 62 76 97 84 x x x x x 61 79 85 86 x 66
90 56 95 x 78 60 65 86 74 92 51 64 75 53 x 78 70 x 57 92 60 89 63 79 53 63 77 72 x 54 94 7217 90 64 x 66 94 92 87 68 x 84 97 89 x 90 x 61 98 84 x 70 51 69 72 76 91 57 71 87 77 53 56 92 56 70 85 76 61 95 57 86 94 69 58 x x 93 57 96 x 50 68 53 x 80 73 67 80 x 88 86 85 77 54 58 78 x 55 68
56 x 80 x x 82 94 95 62 73 90 88 x x 61 x 86 88 92 66 54 68 61 89 66 66 74 75 58 58 x 90 4941 71 77 x 52 68 92 85 56 66 97 58 68 x 83 67 81 93 75 99 74 x 90 57 71 x 97 64 51 84 57 84 54 59 76 66 80 69 70 x x 67 64 60 64 76 76 85 86 x x 62 67 88 x 55 50 72 76 60 x 83 60 x 78 92 83 58
75 79 90 92 56 69 58 84 77 89 96 68 76 53 63 x 72 52 90 66 77 57 x 79 78 x x x 69 66 57 64 71 6366 91 55 79 62 55 73 75 61 x x 67 x 66 66 50 61 77 x 74 71 54 96 58 78 50 84 93 94 74 50 92 67 84 87 86 x x 72 72 77 74 51 x 80 x 97 90 54 97 70 95 75 x 63 92 x 86 67 71 50 57 87 67 58 x x
74 x 96 98 x 88 79 57 x 50 x 59 75 73 74 x 68 60 92 68 88 x 86 x x 67 60 x 62 x 66 x 77 91 8130 81 83 68 x 71 97 69 85 x 78 90 68 63 57 86 85 86 91 84 93 60 97 53 x 64 x 91 97 x x 64 68 91 87 80 89 56 68 60 77 94 92 x x 71 69 89 x 61 x x 56 74 58 x 61 92 x 53 x 55 96 59 59 x
81 62 72 81 58 65 x x 52 66 53 51 93 54 86 79 97 76 68 61 53 61 89 62 94 x 88 55 86 57 x 66 x 55 81 9017 87 85 52 x 68 52 91 70 81 89 50 93 68 84 84 x 86 73 78 92 x 81 x 94 90 x 81 x 99 85 x 58 64 85 87 51 52 88 x 51 68 99 68 94 x 63 74 86 x x 70 69 x x 67 74 x 66 x 86 68 61 79 97
52 85 58 75 51 93 x 54 x 54 x 62 65 67 55 x x 67 x 70 x 87 75 98 x 73 x 95 60 56 53 94 52 79 83 87 5003 x 75 x 60 53 53 88 77 x x x 64 90 51 86 59 85 91 x 74 86 x 88 78 87 x 70 64 x 54 64 78 73 99 x 54 54 55 63 72 94 75 57 66 x 65 52 71 81 69 77 x x 72 94 75 85 x x 76 78 81 x
99 85 75 80 x 75 71 x 51 76 66 84 71 85 84 x x 94 84 68 x 86 95 96 59 65 68 x 62 71 63 92 68 62 68 85 x 3141 68 77 60 x 99 99 62 74 56 69 x 98 74 x 90 95 53 75 75 76 x 99 62 56 64 93 83 80 75 88 63 77 x 50 88 x 63 76 x 76 83 51 90 93 77 x 84 x 56 x 89 x 79 62 54 79 75 56 57 50 77 x
94 56 85 96 63 61 56 92 51 84 95 55 x x x 77 75 50 69 x 60 78 99 x x 93 54 63 92 x 63 87 92 55 x 52 75 68 4823 54 x 86 x 78 98 82 75 73 65 75 98 99 97 74 86 64 58 61 97 x x 69 60 x x 72 60 73 x 53 79 98 88 61 x 77 55 x 91 x 65 82 75 98 60 96 68 72 53 79 71 93 x 77 x x 61 x 72 93
x 87 80 x 59 76 60 59 72 69 x 84 94 66 x x x 96 75 52 95 68 68 60 57 69 57 95 96 x 92 68 85 73 71 x x 77 54 5837 x x x 78 83 87 76 x x 64 86 94 50 50 96 53 84 69 x x 67 55 76 58 75 78 86 82 64 68 71 x 61 80 54 94 98 86 78 81 98 62 93 61 78 88 96 98 73 96 87 97 x x x 51 53 84 86 89
x 69 67 72 50 59 x x 91 71 59 x 76 89 77 83 70 x 68 82 55 x 88 76 x 94 66 89 x 82 79 x 56 75 97 68 60 60 x x 6029 99 67 79 50 77 54 52 62 98 75 51 65 x 80 70 x 86 72 75 82 81 x 85 72 89 96 84 x 97 92 89 76 57 x x 71 99 88 84 76 62 x 81 65 95 72 x x x 71 97 78 70 78 61 81 58 73 x
80 76 76 x x 58 92 81 84 78 78 69 68 77 61 81 70 88 82 66 78 94 91 x 79 98 x 70 x 50 68 84 66 61 69 52 53 x 86 x 99 9940 x 51 x 98 66 69 59 x x x 54 x 72 92 87 90 96 58 54 99 79 94 x 86 x 68 94 83 58 x 89 x 72 65 93 80 63 85 x 94 65 60 x 53 74 x x 93 81 60 79 72 70 72 x 67 77 83
x x 52 x 56 78 96 x 77 89 69 x 59 x x x 82 55 50 89 50 97 94 56 77 63 x 83 63 72 x 97 97 x 85 91 53 99 x x 67 x 3819 97 61 x 86 68 86 x 73 52 64 89 51 82 50 50 59 x x 60 78 56 63 79 50 96 88 53 51 81 x 80 x x 59 85 97 85 61 93 70 66 59 80 95 73 78 57 50 81 x x 96 69 95 79 87 60
x 93 89 x 61 x 67 58 54 x 58 x 65 69 75 64 60 89 80 66 50 x 65 x 83 82 67 83 x 58 71 89 58 x x 70 88 99 78 78 79 51 97 1115 x 78 98 69 53 52 61 62 69 68 68 55 57 x 92 89 54 84 74 x x 72 x x 64 89 77 x 76 71 71 53 53 75 x 86 75 x x 54 x x 88 56 x 81 x 90 79 55 x 83 94 88 97 67
84 50 x 68 89 65 54 94 85 65 96 72 71 85 93 54 98 92 74 88 65 x 61 77 70 76 71 87 98 72 73 x 68 67 78 81 77 62 98 83 50 x 61 x 890 82 66 92 91 64 71 x 84 x 51 88 79 70 86 78 x x x x 81 92 75 64 x 67 59 68 75 98 78 94 74 53 68 76 85 75 x 55 77 92 56 87 63 60 54 82 78 63 85 90 58 52 72 67
76 74 52 73 56 72 82 51 x 71 52 91 76 x x x 70 73 75 55 89 87 61 94 76 93 78 64 92 63 x 90 x x 90 89 x 74 82 87 77 98 x 78 82 4447 82 97 x 62 59 97 80 75 72 69 99 91 74 60 85 81 71 86 70 63 61 x 57 64 56 83 x 95 97 87 69 55 x x 72 91 68 73 x 71 70 75 53 60 93 84 x 68 62 x x x 92 85
x 60 58 x x 62 51 89 73 87 x x 67 71 56 70 x 99 x 73 64 80 x x 58 99 x 61 99 77 x x 83 66 68 50 x 56 75 76 54 66 86 98 66 82 8791 63 79 x 85 52 81 83 61 96 85 91 55 84 77 53 63 x 83 53 66 70 56 50 x 52 85 61 60 53 x 91 x 78 50 77 95 x 67 x 81 78 x 97 88 78 83 97 86 x 76 57 x 91
x 60 71 95 57 67 85 80 86 75 53 67 57 57 78 52 79 54 86 93 x x 67 64 52 58 99 78 83 x 54 61 67 66 63 93 x 69 73 x 52 69 68 69 92 97 63 7350 60 76 95 57 72 80 x 53 65 77 73 x 51 x 91 67 50 93 99 56 51 x 91 67 80 77 52 72 97 63 x 73 x x 70 x x 98 80 86 78 90 66 99 75 69 x x 75 57 x 90
70 65 x 68 62 90 82 88 81 x 96 x x x 50 59 58 96 88 50 69 86 86 x 58 86 51 x 52 67 57 98 81 50 57 68 64 x 65 x 62 59 86 53 91 x 79 60 5333 74 99 77 75 93 94 54 95 99 50 65 64 55 62 84 67 54 95 73 95 80 97 x x 78 96 69 75 73 82 x 54 74 78 x x x 81 78 56 73 82 75 x 59 54 x 83 x 53 50
61 66 84 51 67 97 87 x 64 84 66 87 53 x 53 78 x 90 x 66 x 89 80 x 93 56 96 98 84 x x 84 93 61 86 84 90 98 75 64 98 x x 52 64 62 x 76 74 6568 62 79 59 81 59 x 68 77 87 69 x 75 53 61 91 73 76 53 99 58 88 75 93 72 x 79 66 95 98 x 81 63 x 88 x 60 54 70 62 x 57 78 53 65 52 71 82 56 84 87
68 63 82 61 65 x 77 88 x 76 x 80 67 53 54 83 80 87 69 x 56 59 68 x 77 51 x x 65 50 55 x 75 77 85 84 51 74 98 86 75 x 73 61 71 59 85 95 99 62 6127 94 x 91 57 90 80 61 79 x 70 55 75 x x 83 86 79 x x 97 x x 58 73 50 51 62 61 75 x x 53 55 80 x 99 x 72 96 x 77 78 x 76 96 63 63 70 57
95 88 x 70 x 64 97 63 78 58 79 71 87 90 x 83 87 74 79 86 76 x 70 81 78 80 53 54 x x x 70 99 x 86 x 86 x 99 94 51 x 52 62 x 97 52 57 77 79 94 5682 55 x 84 83 68 88 x x x x 84 x x 69 83 96 98 89 x 92 x 66 51 99 76 81 57 72 67 x 93 64 72 69 67 62 61 84 69 x x x 75 89 52 57 95 x
x 97 x 94 63 65 x 78 x 73 50 56 x 55 69 x 86 51 81 82 71 94 x 64 92 90 80 80 65 96 80 51 74 74 91 86 59 90 97 50 65 54 64 69 84 80 81 72 75 59 x 55 1732 87 88 80 77 55 x 69 85 72 58 52 58 x x 71 81 93 94 57 x 63 65 x 92 86 67 64 90 79 89 95 65 55 61 51 99 90 76 x 70 91 59 96 55 50 81 63
82 91 68 98 90 54 x x 90 83 55 93 81 58 52 91 64 83 51 x 94 72 97 87 80 x 93 87 69 78 88 69 x 71 84 73 85 95 74 50 x x 89 68 x 75 83 80 93 81 91 x 87 4942 90 x 52 79 92 89 76 88 55 53 89 72 63 87 63 71 x 74 70 x 82 88 58 76 66 87 80 56 82 96 92 61 84 99 94 65 81 54 74 x x 61 80 61 62 x
65 x x 99 80 66 73 92 70 82 62 x x 58 84 95 88 99 90 81 82 66 60 74 58 57 54 59 66 x x 72 90 54 93 78 91 53 86 96 80 72 51 68 51 72 61 x 94 59 57 84 88 90 4318 97 98 83 73 56 99 57 70 54 68 88 91 x 55 90 60 61 71 50 x 65 61 62 62 72 x 94 81 x 71 93 67 58 x x x 70 52 x x 70 68 x 96 x
74 62 60 62 92 72 x x x 73 78 74 78 x x 53 98 91 x 65 60 92 57 x 61 61 50 x x 74 x 76 57 96 60 92 x 75 64 53 70 92 82 55 88 69 96 53 54 x 90 83 80 x 97 3132 x 71 52 87 56 x 51 69 83 93 71 78 96 60 69 91 55 99 82 61 89 94 90 71 67 88 53 x 63 x x x 76 x 56 x x 94 83 50 93 51 58 60
x 53 97 96 66 x 70 86 67 76 60 52 53 50 84 91 55 85 x 71 x 99 64 92 72 86 52 90 58 x 76 91 71 58 97 x 74 75 58 84 x 87 50 57 79 99 85 65 95 68 80 68 77 52 98 x 7749 87 64 x x 62 97 81 x 74 96 x 59 94 87 74 79 85 62 69 95 99 90 72 67 x 86 x 56 87 x 99 70 x 57 69 x 64 94 x 69 87 x 67
72 61 95 91 x 90 66 x x x 93 56 84 x x 53 96 98 72 84 69 62 92 59 57 68 82 76 51 82 60 57 x 78 53 81 86 76 61 69 86 90 50 x 70 91 91 77 99 77 61 88 55 79 83 71 87 6277 73 72 57 94 89 89 x 87 75 63 78 x x 81 65 88 x 65 x 96 65 67 69 74 53 x 75 94 74 69 72 75 x 65 98 63 x 98 x 97 95 57
80 84 67 x 68 79 99 52 93 76 94 62 x 90 59 62 x 57 73 92 97 93 79 71 81 x 92 51 87 55 93 71 97 50 x x x x 97 x 72 96 59 92 86 74 55 73 50 87 79 x x 92 73 52 64 73 2269 72 92 x 83 x 87 51 60 89 x x 73 66 58 98 69 80 x x 80 77 97 78 93 75 61 85 x x 51 81 50 x 59 x 83 84 78 94 x 82
98 64 x 80 58 71 80 61 51 90 83 70 x 97 55 90 86 93 77 67 50 84 96 x x 66 74 75 81 70 86 87 64 84 64 94 88 99 x x 75 58 x 89 78 60 84 x 65 69 x x 69 89 56 87 x 72 72 3493 52 65 68 64 x 89 x 68 71 83 59 97 x 65 52 97 72 73 69 55 51 77 55 83 x 72 65 91 69 98 79 82 61 78 78 53 58 71 74 87
51 x 79 73 96 x 78 x x 90 59 78 85 74 66 x 89 55 76 62 79 90 80 59 62 93 x 88 98 58 54 77 51 93 x 90 78 62 x 67 82 54 x 54 x 85 77 51 64 x 70 x 85 76 99 56 x 57 92 52 1916 x 79 81 x 90 62 60 94 x 52 67 x 54 54 x 98 x 72 83 82 x x x 64 70 x 69 56 70 x 97 56 95 59 73 54 98 x 58
84 93 x 69 62 79 96 58 61 62 72 60 77 80 62 55 62 98 65 83 97 x 98 x 95 89 58 57 53 92 85 53 84 94 91 x 87 56 69 55 81 99 60 84 x 81 53 x 55 75 55 x 72 88 57 x 62 94 x 65 x 7259 x 93 85 51 x 88 75 94 77 90 60 95 54 70 57 64 87 x 55 68 61 x 55 78 65 60 73 62 64 x 96 83 53 82 93 52 62 x
74 86 72 86 83 79 98 84 78 86 x x 73 75 68 82 51 x 79 52 x 91 84 73 65 52 54 78 69 x 89 56 57 74 97 81 x 64 60 76 x 79 78 74 x 71 63 91 62 53 75 84 58 55 70 51 97 89 83 68 79 x 8098 x x 65 57 84 94 x 90 70 63 64 87 69 94 88 80 50 85 91 70 53 91 98 98 89 67 61 56 68 84 77 56 57 70 77 x x
61 83 93 58 x 86 80 88 x 88 x x 59 61 x 81 89 54 75 52 93 74 61 x 51 62 67 97 90 72 68 92 84 50 x x 70 93 x 58 85 94 56 x x 86 x 67 84 61 x x 52 53 54 69 81 89 x 64 81 93 x 4299 71 92 80 56 x 92 70 55 70 x x 63 83 93 x 84 x 52 76 x 78 80 56 79 x 63 86 64 95 51 x 76 89 68 81 83
51 x x 81 62 71 93 x 87 74 75 90 73 80 90 64 76 84 x 73 70 x 70 56 80 79 97 74 92 62 88 56 54 92 x 99 64 83 x 75 72 x 63 x 81 70 83 50 67 91 x x 58 89 68 83 x x 87 x x 85 x 71 2179 58 56 56 x 67 99 x 98 x 91 77 x 90 88 55 95 x 76 58 x 73 91 99 63 89 96 66 61 83 91 x 74 79 x 58
x 93 62 89 81 58 x 66 x 50 72 82 52 60 86 98 77 55 x 56 86 57 60 51 74 79 86 x 54 91 x 70 59 67 64 85 x 80 72 78 89 86 79 72 92 63 53 93 54 73 83 69 x 72 88 93 74 87 51 89 90 51 65 92 58 7541 77 55 82 72 67 52 50 71 71 99 73 99 x x x 62 52 58 97 75 79 74 x 90 93 91 95 52 76 63 x 80 x 82
91 54 99 70 76 56 x x 64 61 79 x 85 x 63 95 61 90 89 95 76 52 66 70 56 82 82 92 x 84 56 85 76 84 68 x 54 75 60 86 96 x 50 x 75 61 66 99 95 76 86 83 x 63 91 71 96 75 60 x 62 x 57 80 56 77 541 98 58 x x 54 56 x 67 x x 79 80 94 71 75 62 74 x 88 87 72 56 72 71 87 58 86 51 74 x 69 80 90
98 93 70 81 95 76 63 63 70 71 52 82 64 74 61 90 88 83 97 77 53 67 75 95 95 x 77 x 57 91 54 76 66 87 91 58 64 88 73 82 84 68 96 x 64 x 70 56 73 53 79 96 71 87 x 78 x 63 89 68 60 88 84 56 56 55 98 4627 69 96 x 99 86 x 71 71 56 99 57 79 x 77 71 x 53 97 78 56 85 94 81 99 x 97 x 96 60 x x x
73 71 x x 67 98 73 90 99 x 56 77 77 97 69 82 x 73 91 55 74 85 54 54 x x x 80 64 60 71 61 80 86 87 64 78 63 x 64 x 94 88 64 x 57 56 51 95 99 x 98 81 63 55 96 59 78 x 71 94 75 94 x x 82 58 69 8790 74 x 72 58 69 76 75 83 98 77 61 73 50 x 91 95 98 x 96 65 64 83 x x 77 67 81 78 x 93 90
x 87 99 76 x 61 90 x 88 90 98 84 71 64 65 x 54 89 77 79 84 93 90 83 x 84 x 76 x 84 67 95 69 x 80 85 73 77 53 68 97 83 53 89 67 64 50 x 80 58 x 89 93 71 90 60 94 x x 83 x 94 x 92 67 72 x 96 74 258 95 56 99 72 60 69 87 94 74 66 75 72 69 x 51 x 66 66 85 88 52 75 85 68 65 x 66 87 x 82
70 x 54 56 52 97 57 81 59 92 68 75 71 97 50 96 83 94 76 66 x 67 64 x 81 84 91 84 99 79 74 57 70 x 89 87 99 x 79 71 92 58 51 77 59 56 x 91 97 88 97 x 94 x 60 69 87 x 73 59 52 77 90 70 99 67 x x x 95 7765 50 x 89 70 58 96 98 76 66 50 77 x 90 52 91 70 59 54 72 65 90 x 61 50 94 x 88 87 97
70 98 76 x 69 68 82 x 52 93 72 x 74 54 78 x 96 60 65 x x 90 71 x 96 54 66 61 53 x 72 86 x 72 56 51 x 50 98 x 89 x 81 x 68 83 52 67 x 75 x 92 57 74 61 91 74 81 66 97 67 90 70 55 x 52 54 99 72 56 50 8829 87 x 95 89 94 73 80 x 73 73 94 84 60 61 82 75 57 x 64 55 70 x 63 77 50 98 51 81
82 98 x 66 87 80 50 81 51 86 91 67 91 83 x 93 84 93 91 x 94 x 51 98 97 90 x 55 87 83 96 94 x 72 68 52 54 88 88 61 76 89 x 76 75 x 85 80 x 93 x x x 70 71 55 79 65 58 x x 60 63 70 98 50 56 86 58 99 x 87 6258 x x 97 x 63 x 59 67 60 66 99 75 63 71 56 92 72 75 88 73 73 55 80 85 62 94 97
65 x x 50 74 88 81 56 74 65 70 73 94 57 51 99 79 65 70 65 81 x 57 x 61 99 64 93 x 51 72 69 67 77 60 88 54 x 61 80 57 x 80 71 98 95 61 77 78 72 58 66 63 x 50 99 85 88 98 65 54 95 64 x x 71 x x 69 72 89 x x 3764 72 91 85 73 60 58 64 62 82 89 51 92 98 83 59 74 66 x 86 x 74 98 76 74 84 96
86 x 95 x 88 91 x 84 94 x 78 67 56 71 x 59 x 69 71 99 91 x 95 70 95 77 92 53 52 71 70 58 64 74 77 x 55 63 x 54 x 72 x 71 78 97 60 52 96 x 73 51 65 82 x 82 62 x 69 52 54 54 87 x 91 71 67 71 76 60 70 95 x 72 7735 64 76 82 64 61 62 x 74 73 70 87 66 x 59 86 67 92 x x 77 x 71 72 98 83
53 61 92 67 x 58 53 76 x 85 66 62 x x x x 87 79 79 78 73 53 65 56 54 71 71 61 50 52 92 x 60 51 94 51 63 76 77 94 x 65 x 53 94 87 53 72 69 79 50 99 x 88 65 61 69 65 80 97 x 70 69 63 77 99 x 71 75 69 58 89 97 91 64 1569 73 60 84 65 78 56 x 51 74 51 58 61 61 x x x 52 82 74 73 78 56 84 72
x 67 51 59 94 x 58 x 82 68 85 x 98 58 x x 73 59 74 52 96 x 83 64 90 x 73 66 x 58 84 x 64 x 92 68 72 x 55 98 71 93 59 53 74 69 x 97 75 66 51 76 92 58 61 89 95 x x 72 98 57 94 83 x 73 x 56 83 87 96 94 x 85 76 73 6304 93 82 99 97 96 81 64 93 84 x 94 x 65 71 70 61 84 79 51 x 97 x 76
59 x 81 71 87 x x 69 77 52 x 87 90 99 95 54 63 x 54 69 x 54 71 62 63 65 77 74 93 92 60 93 76 80 x 99 94 76 x 86 99 80 85 75 53 55 91 63 73 95 62 81 86 76 62 94 99 96 x 73 x 64 88 93 90 99 79 99 98 94 98 73 63 73 82 60 93 1388 54 52 60 88 98 x x 71 76 63 63 98 87 85 67 83 63 x 68 95 x 58
62 70 54 82 77 84 62 76 96 85 x 98 79 68 78 59 99 x 64 57 50 72 51 65 71 61 x x 57 x 67 57 76 x x 68 75 83 91 78 88 63 97 x 68 x x x 82 98 61 57 67 66 62 90 90 65 80 69 72 87 80 x 88 x 80 57 77 74 76 80 x 60 64 84 82 54 1656 98 81 x 99 79 65 x 84 93 56 x x x 98 x 59 87 70 92 94 76
x 75 83 84 51 96 x 76 94 58 76 x x 69 51 95 62 83 x 81 64 63 95 x 94 x 57 71 55 59 64 96 85 97 71 94 57 51 x 81 84 85 85 86 76 x 78 73 x x 75 72 64 87 72 71 72 67 77 55 83 x 50 84 55 x 94 79 61 66 66 x 59 58 61 65 99 52 98 2311 x 97 71 56 63 59 x 65 97 58 83 50 94 68 58 x 94 97 61 x
62 x 75 x 62 84 95 63 59 72 50 x 68 89 84 62 80 x 82 92 78 57 73 53 95 65 76 83 76 79 x x 86 90 69 x 66 90 65 98 76 x 61 75 85 72 50 x 54 81 x 67 90 80 x 67 67 69 97 51 82 55 85 x 95 x 71 x 73 75 50 73 67 64 62 78 97 60 81 x 9953 59 x 97 87 85 76 57 71 93 94 x 60 70 87 68 53 84 53 72
61 98 69 63 64 64 93 67 x 64 x 83 73 70 88 80 93 x 80 99 73 89 62 59 x 76 56 79 97 88 86 50 x 54 89 63 x 93 82 62 62 94 93 x 75 91 77 x 74 63 x x 79 56 94 88 x 74 78 77 x 68 91 52 x 62 75 77 50 72 77 73 60 62 x 56 96 88 x 97 59 3295 91 64 92 51 x 97 86 82 87 80 73 73 x 82 83 68 x 64
x 79 x 59 95 x 93 82 x 91 80 55 55 86 65 54 72 90 67 60 95 60 85 73 93 x 89 x x 61 85 68 x 97 x 74 65 77 75 93 x 65 70 x x 68 95 70 78 x 53 93 89 82 81 53 86 53 93 55 x 61 70 76 76 52 62 71 x 69 x 94 66 82 74 x 81 98 99 71 x 91 6626 77 62 57 95 84 88 73 x 86 91 x 73 62 63 66 83 56
99 84 66 85 53 77 x 86 x 54 x x 64 78 83 x 90 71 92 57 84 x 92 65 63 79 x x 95 63 62 53 62 70 61 86 52 x 98 61 81 60 66 54 55 73 x x x 88 55 64 95 96 x x x x 75 83 x x 53 x 58 58 74 x 91 x 90 84 99 89 73 51 64 x 79 56 97 64 77 9046 77 77 92 56 68 x 78 66 90 65 90 84 78 96 60 98
x 73 95 94 75 54 79 63 88 x 63 60 75 56 62 59 65 82 x 53 72 73 56 51 59 69 98 86 x 55 94 x 67 95 x x 71 84 60 78 65 x 59 x 77 x 67 x x x 80 72 65 92 71 63 56 75 61 x 64 55 91 78 x 97 x 53 95 51 52 60 75 51 70 74 93 x 65 63 87 92 62 77 2266 74 x x x 95 57 69 55 79 94 51 x 74 84 60
x 95 68 62 x 56 77 98 95 74 81 74 98 x 50 77 99 x 98 58 82 56 77 x 89 94 65 56 92 78 62 80 88 75 x x 81 x 96 88 95 53 80 x 92 71 x 98 x 60 x 69 55 61 93 x 87 94 85 72 70 78 98 80 73 75 88 97 98 x 91 61 63 92 87 51 84 71 x 59 85 51 57 77 74 5081 84 79 71 72 64 90 75 59 55 56 91 91 67 88
60 90 94 94 65 79 57 x x 87 85 95 82 72 92 50 79 x 97 69 x 99 60 88 x 66 78 57 64 x 76 73 x x 56 70 69 56 68 96 72 74 95 88 56 70 81 80 81 54 99 67 61 84 67 x x 74 x 65 x 65 98 56 91 79 87 78 x 66 70 82 71 98 66 58 x 76 84 x 76 x 95 92 x 84 2648 86 91 97 75 68 89 x 61 75 93 x 92 61
x x 68 62 94 59 x 69 62 x 84 93 93 72 52 x 57 x 89 73 98 78 98 60 79 66 70 60 50 88 97 67 55 63 74 69 77 x 72 98 x x 73 56 87 75 78 86 78 70 x 62 51 99 58 x 99 69 x 91 69 60 89 79 99 74 72 56 96 66 59 75 56 83 x 61 94 63 93 65 57 97 84 56 x 79 86 8887 63 73 77 53 x 99 54 72 92 77 x 79
50 x 91 70 51 84 56 x 84 87 96 x 85 x 74 57 x 94 86 86 x x 80 95 76 52 83 x x x 84 80 50 92 58 x x 89 53 73 x x 78 x 63 53 x 78 56 62 72 61 99 94 x 76 70 72 51 69 56 73 67 x 63 x 56 85 65 85 54 57 92 59 59 61 x 63 56 97 71 86 88 68 x 71 91 63 7304 63 x 50 x 73 74 89 80 x 70 x
94 60 95 x 66 63 x 61 64 74 92 77 75 x x 50 60 93 x 96 x 86 75 52 73 66 92 92 53 68 x x 72 x x x x x 79 96 x 93 57 81 60 60 97 90 73 x 96 84 90 65 x x x 75 81 98 70 62 61 63 89 90 72 94 64 88 72 x 72 74 86 x 65 98 x 58 93 82 73 x 95 72 97 73 63 6328 54 51 68 82 x 70 82 78 79 99
70 x 94 79 92 67 66 66 82 82 69 78 72 98 67 83 65 67 82 51 80 x 88 x x 91 60 x x 95 x 88 76 86 61 67 72 79 71 87 71 81 50 x 54 93 88 66 82 57 x 69 76 81 x 56 57 x 50 79 x 64 56 86 96 93 71 81 83 52 65 64 75 66 67 x 71 87 x 83 94 87 x 78 57 64 75 77 x 54 3399 98 92 82 90 58 50 94 70 77
x x 68 62 61 99 x x x 51 61 52 84 91 80 x 70 x 63 59 83 x 96 95 97 81 81 x x 62 x 86 60 67 92 74 94 62 93 97 97 60 81 90 82 84 78 99 75 78 77 x x 54 70 x 69 65 x 82 97 x 68 64 66 91 87 99 x 75 90 55 88 x 92 x 70 85 x 50 x 80 86 66 69 90 68 53 50 51 98 9109 79 83 57 68 60 x 77 82
94 x 88 95 54 66 x 57 62 74 85 79 x 68 78 66 57 62 56 x 50 73 91 59 72 76 65 x 51 51 x 85 x 71 x x 75 54 x x 78 79 x 79 78 x 83 75 x 53 78 x 70 74 52 x x 98 59 61 56 96 84 95 61 95 58 x x 85 x 70 73 86 x 52 61 67 98 94 60 73 91 90 55 75 89 x x 68 92 79 1572 72 51 98 91 57 x 71
90 97 x 81 51 x 97 x 64 70 59 63 61 76 50 60 67 82 66 96 78 54 x 57 79 x 60 x 73 87 x 77 83 50 53 66 85 79 77 x 70 72 x 55 63 68 97 69 59 65 x x 91 x x 94 64 63 x 78 95 83 77 51 83 52 86 97 77 68 61 x 73 x x 82 84 83 x 68 70 73 x 65 79 59 x 99 73 82 82 83 72 6951 x 85 84 86 97 94
87 54 92 89 x 97 x x 78 60 96 x 87 67 55 70 56 90 50 64 69 59 59 81 62 82 69 92 73 71 61 54 60 57 x x x 75 x x 78 70 96 x 85 62 86 x 54 52 76 75 59 x x 83 94 x 83 78 59 53 56 x 91 76 51 x 67 65 50 63 55 74 77 74 79 63 59 58 87 x 73 90 94 55 61 54 74 x 90 57 51 x 9389 68 87 61 x 85
88 87 59 93 62 72 60 58 x 84 58 71 81 84 96 x 51 60 x x x 77 64 67 51 x 67 81 67 50 79 58 x 87 55 86 x 56 x 51 61 72 69 83 90 x x x x 71 96 89 96 61 70 50 x 98 84 53 73 82 57 76 x 63 74 96 81 x 94 77 80 98 x 73 51 x 87 x 68 82 62 84 51 56 75 72 89 70 58 68 98 85 68 9929 x 87 81 87
56 68 91 x 66 x x 76 82 77 58 50 83 90 51 75 x 68 x 62 77 96 x 55 73 86 54 69 87 68 85 78 78 67 96 68 76 57 61 53 81 x 95 94 58 x 76 75 83 82 63 52 55 80 68 93 69 x 78 58 54 93 70 89 74 x x 60 78 66 x 50 85 76 71 78 x 68 70 94 53 83 63 78 x 91 93 92 80 82 50 60 91 84 87 x 6153 x 78 81
55 71 52 x x 72 51 x 53 57 62 76 66 87 84 83 x 63 63 56 71 x 97 x 85 x 72 53 x 78 86 x 92 58 59 61 78 50 x 84 58 67 79 88 52 x 57 57 x 56 63 57 50 61 x 51 87 97 94 71 98 52 77 68 79 80 69 x x 87 88 98 62 74 72 56 97 95 92 97 84 68 66 96 74 91 x 77 x 78 94 x 57 86 61 87 x 1583 62 85
87 79 x 53 65 66 71 74 70 x x 70 57 91 94 57 51 93 59 86 72 81 80 x x x 59 82 66 54 x 55 83 x 59 79 81 77 72 86 73 77 87 97 72 92 x x 53 84 70 95 81 62 96 58 x 95 x 74 x 62 x 81 x x 80 x 93 x 87 51 94 84 98 84 x x 94 61 53 x 83 60 84 67 92 x 70 79 70 77 x 97 x 81 78 62 8351 79
x 79 56 93 97 68 51 x 73 87 72 x 58 52 84 96 70 80 59 50 95 52 59 81 93 x 96 80 72 66 66 68 58 x x 97 x x 93 89 x 83 60 67 67 85 91 90 50 87 57 x 63 x x 60 67 57 82 87 58 x x 83 58 82 90 x 90 82 97 81 97 96 83 72 76 58 76 x 72 64 56 98 60 88 61 79 x 99 77 82 71 94 85 87 81 85 79 5974
