200
0 1 2 3 4 5 6 7 8 9 10 11 12 13 14 15 16 17 18 19 20 21 22 23 24 25 26 27 28 29 30 31 32 33 34 35 36 37 38 39 40 41 42 43 44 45 46 47 48 49 50 51 52 53 54 55 56 57 58 59 60 61 62 63 64 65 66 67 68 69 70 71 72 73 74 75 76 77 78 79 80 81 82 83 84 85 86 87 88 89 90 91 92 93 94 95 96 97 98 99 100 101 102 103 104 105 106 107 108 109 110 111 112 113 114 115 116 117 118 119 120 121 122 123 124 125 126 127 128 129 130 131 132 133 134 135 136 137 138 139 140 141 142 143 144 145 146 147 148 149 150 151 152 153 154 155 156 157 158 159 160 161 162 163 164 165 166 167 168 169 170 171 172 173 174 175 176 177 178 179 180 181 182 183 184 185 186 187 188 189 190 191 192 193 194 195 196 197 198 199 
0
3 5 5 5 4 4 5 7 3 x x 5 5 x x 7 6 5 x 6 5 4 7 x x 6 4 6 4 x x 5 x 4 8 7 x 7 x 6 5 x 6 x 3 3 4 4 5 x 4 4 x 2 5 x 4 5 8 x 5 7 4 7 6 x 5 6 3 6 x 6 x 6 4 4 6 4 5 4 7 4 6 x 4 3 3 5 6 5 5 6 4 4 6 5 4 4 6 x 4 x 2 x 5 6 5 6 8 5 6 3 x 6 4 5 x 4 5 5 x 7 3 6 6 6 4 4 4 2 5 x 6 x x 4 4 10 4 x x 3 x 4 6 6 4 x 4 5 3 6 x 5 6 5 7 x 4 5 5 x 5 6 3 7 7 4 5 8 x 2 3 5 6 x 6 6 x 4 4 4 5 4 5 x 6 3 x 5 4 6 x 8 4 5 6 x 6 x 
5 1 5 5 4 4 x 8 5 6 7 6 7 3 6 x 6 4 6 6 7 6 7 3 5 7 4 7 4 5 5 6 7 5 8 x 8 7 6 x 7 7 7 5 3 3 x x 5 6 4 6 x 4 1 5 6 4 8 5 6 7 4 6 6 5 6 7 5 5 x 6 4 x x x 6 4 5 x x 4 5 x x 3 7 5 5 6 5 7 6 x 5 4 3 x 5 4 5 x 4 8 3 7 5 6 7 5 6 x 7 x 4 4 5 5 7 5 x 7 x 7 5 6 5 5 5 4 5 6 x 5 8 6 4 9 4 4 4 3 4 6 5 6 4 4 5 6 5 7 6 7 5 9 6 6 8 7 1 1 3 x 3 6 6 4 1 3 4 4 5 4 7 7 6 5 4 4 4 x 7 4 4 7 x 5 4 3 2 7 x 4 x 7 x 7 8 4 
5 5 200 3 5 2 3 3 5 5 5 4 6 3 2 5 3 4 5 4 8 5 7 3 4 5 x 6 4 4 5 4 5 3 8 3 6 4 3 4 6 8 5 6 3 3 4 4 5 7 2 x 4 4 5 4 6 4 8 2 5 5 3 4 6 5 4 4 3 3 5 4 4 3 5 4 3 2 3 6 4 4 4 2 5 3 5 5 4 6 5 5 2 4 4 2 4 2 4 4 2 5 4 9 4 6 4 4 6 4 4 3 5 8 2 2 4 4 7 1 5 5 3 6 4 6 3 4 4 4 4 6 4 1 6 5 4 7 2 2 3 3 2 3 4 4 2 2 4 4 3 5 4 4 3 7 5 5 8 6 5 5 3 3 3 4 5 2 5 5 2 x 5 3 6 5 4 3 3 2 4 4 5 4 3 6 4 5 3 3 4 6 6 8 4 3 5 5 8 2 
5 5 3 3 5 2 5 6 5 4 5 5 5 5 4 x 5 x 7 5 7 5 9 5 3 5 6 5 3 3 x 6 5 5 9 5 9 6 3 4 6 8 5 5 5 5 5 6 6 7 2 6 6 4 5 6 6 6 10 3 5 8 4 4 6 6 7 4 5 3 4 5 4 5 4 5 5 3 x 5 4 5 6 x 6 5 7 6 3 6 6 5 4 5 3 2 5 2 x 6 4 7 4 8 5 6 6 x 6 6 5 5 5 7 4 4 3 3 6 3 5 5 5 6 4 7 5 3 3 4 3 6 4 3 7 4 6 7 2 4 5 5 4 5 4 4 4 2 3 4 5 5 4 5 3 7 6 5 9 6 5 5 3 3 5 6 4 2 5 5 2 5 6 5 5 5 4 3 3 2 3 x 6 4 5 5 4 5 5 3 6 5 5 8 5 5 7 x 8 2 
4 4 5 5 1 3 5 4 4 6 4 6 6 2 5 x 5 4 4 x 6 5 6 2 3 5 3 5 3 4 2 5 7 4 7 4 7 5 4 4 4 7 5 4 2 2 1 3 2 7 3 6 3 3 x x 5 3 7 4 5 x 5 4 3 4 5 6 4 3 5 4 3 3 5 1 5 3 5 x x 3 x 5 x x 6 x 4 3 2 4 5 x 4 3 5 4 3 3 5 4 3 8 5 6 3 x 8 5 4 4 3 6 3 4 4 5 6 x 4 4 4 5 3 5 4 4 3 3 4 5 3 4 9 5 3 8 3 4 5 x 5 4 3 4 5 3 x 5 5 5 4 5 3 9 7 5 7 x 4 4 4 3 2 4 5 3 4 5 3 3 4 5 5 5 5 3 3 4 3 5 5 1 5 5 x 4 5 4 3 5 5 5 1 7 7 6 7 4 
4 4 2 2 3 1 x 4 4 x 5 x x 4 3 4 4 2 x 4 6 3 8 4 2 x x 4 2 x 4 6 4 5 x 4 7 5 2 3 5 7 x 4 x x 3 5 4 5 x 6 4 x 5 5 6 x 9 3 x x x 3 5 x 6 3 4 2 3 5 4 5 x 3 x 2 x 4 3 4 x x x 4 x x 2 5 4 5 x 4 x 1 4 1 3 4 3 6 4 7 4 5 x x 6 4 5 4 x 6 2 3 2 2 5 2 4 4 x 5 3 6 x 2 2 3 2 x 2 x x 3 4 7 x 3 4 4 x x 2 3 3 1 2 3 4 4 4 4 2 6 5 4 7 4 4 x 2 2 x 5 3 x 5 5 1 3 5 3 4 5 x 2 2 1 x 2 4 3 3 4 4 4 4 x 4 4 5 x 3 4 5 3 6 1 
5 x 3 5 5 x 1 4 4 5 4 2 4 5 2 7 x 2 5 2 6 3 7 x 2 4 4 7 4 2 6 5 6 2 9 x 7 3 x 6 5 6 4 4 5 5 5 5 6 7 4 5 3 3 4 2 5 6 9 2 x 6 1 6 5 6 5 6 5 x 5 3 3 5 3 5 3 4 2 5 3 6 2 3 5 5 3 7 2 5 6 4 3 6 2 3 2 x x 5 2 7 3 8 2 4 4 x 7 2 3 4 5 6 3 3 4 5 6 2 4 4 4 5 2 8 x 4 x x 2 5 2 2 5 4 3 x 3 3 1 4 3 2 2 4 3 3 4 5 4 4 x x x 8 3 6 7 4 4 4 x 5 5 6 3 3 4 4 3 3 4 1 5 4 x 2 3 3 3 5 4 x 1 7 3 4 1 4 5 5 6 7 4 5 5 5 6 x 
7 8 3 6 4 4 4 1 7 6 x 3 7 5 4 7 6 5 x 5 x 6 9 5 5 6 6 7 6 5 5 6 7 x 10 1 7 6 5 6 5 8 7 8 5 5 4 x 5 8 4 7 7 6 8 5 8 6 10 4 7 7 4 6 6 7 6 7 5 6 6 4 6 6 x 4 6 4 6 8 6 6 5 4 5 5 6 7 6 6 5 7 4 6 6 4 6 4 6 6 4 7 x 11 6 8 6 6 8 5 4 5 x 9 4 4 5 6 x 3 7 7 x 6 4 8 5 5 5 6 6 6 4 3 9 6 x 10 4 4 5 5 4 5 4 6 4 4 5 6 5 7 6 6 6 9 x 7 10 6 8 8 5 6 5 x 5 4 8 7 4 6 7 4 6 7 6 4 5 4 6 6 7 4 4 7 6 7 5 5 6 8 8 8 4 5 x x 9 4 
3 5 5 5 4 4 4 7 1 5 7 5 5 x 5 7 6 6 5 6 x 4 7 3 6 x 4 6 4 x x 5 7 6 8 x 7 7 5 6 x 5 x x x x 4 x 5 x 4 4 4 2 5 5 4 x 8 x 5 6 4 6 x 5 x 6 3 6 x x x x 4 4 6 6 5 3 6 4 5 4 4 3 5 x 5 6 x x 4 4 5 4 x 4 6 4 5 5 2 6 x 6 4 6 x x x 3 6 9 6 5 4 4 5 5 1 x 3 x 6 6 6 5 5 2 5 4 6 5 8 x 4 9 4 5 4 3 x 6 5 6 4 4 x 4 x 6 x 6 6 7 6 7 x 5 5 x 5 x 3 7 x x 5 8 4 2 3 5 6 5 6 5 5 4 x 4 x 4 5 6 6 3 4 5 4 6 4 8 x 5 7 x 6 x 
x 6 5 4 6 x 5 6 5 3 5 6 6 5 x 6 x 4 7 6 7 x 7 5 4 7 x 2 x 4 x x x x 8 x 10 6 4 x 7 7 7 6 x 5 6 4 5 7 3 x 7 4 6 7 6 x 8 4 3 9 5 4 6 x 8 5 x x x x 4 x 5 6 x 4 4 7 6 4 6 6 5 5 7 x x 6 7 5 4 4 4 3 x x x x 6 7 4 10 6 8 6 6 8 x x 5 6 7 x x 4 2 x 5 5 6 3 4 5 x x 2 4 x 4 x x 5 6 5 x 8 3 x 5 5 6 7 4 6 6 x 4 5 5 6 6 6 4 9 7 6 8 6 x 6 4 4 5 3 5 x x 6 3 5 6 5 4 7 6 x x 3 4 2 6 6 5 2 x 5 x 4 7 5 6 9 x x 5 x 8 3 
x 7 5 5 4 5 4 x 7 5 1 5 7 5 6 8 6 5 6 5 9 6 9 5 5 7 4 4 5 5 5 8 7 5 10 7 10 6 5 6 7 x 6 7 x 5 4 6 5 8 5 7 6 6 7 5 8 6 9 5 6 9 4 6 2 7 8 x 6 6 6 7 6 6 6 4 7 4 5 7 6 6 5 6 5 5 6 6 5 6 5 1 6 6 5 4 5 4 6 6 6 7 6 11 5 7 6 x 9 x 7 7 6 3 4 7 5 6 9 5 7 7 7 7 6 7 5 5 5 6 5 8 6 5 8 6 6 5 4 7 4 5 x 5 6 7 6 4 5 x 7 6 7 6 6 x 6 6 5 7 7 7 5 6 5 5 6 5 7 7 x 6 7 4 8 6 6 5 4 4 6 6 x 4 x 4 2 7 4 5 6 8 8 x 4 7 8 6 9 4 
5 6 4 5 6 x 2 3 5 6 5 3 x 4 3 7 x x 6 x 5 x 8 5 x x 5 7 3 3 6 5 7 3 10 4 x 4 5 6 7 8 4 5 5 5 6 6 x 7 x 5 4 5 5 3 x 6 10 3 5 7 2 x x 7 5 6 5 5 5 4 x 6 x 6 4 5 3 x x x 3 4 7 5 4 5 3 6 x 5 4 x 3 4 x 4 x 6 x 7 4 9 4 5 4 4 7 3 4 4 x 7 4 4 3 5 8 3 6 5 5 4 4 6 x 5 3 4 3 x 3 x 7 x 4 7 4 x 2 4 5 x 3 5 5 x x x 4 5 5 4 6 9 4 7 8 x 6 6 5 x 5 7 4 x 6 x 4 x 5 2 4 4 4 3 4 4 3 x 5 6 2 7 4 5 2 5 x 6 6 9 6 6 x 4 7 5 
5 7 6 5 6 x 4 7 5 6 7 x 1 5 4 7 5 3 8 5 7 2 9 5 3 6 x 6 x 5 x 4 7 6 x 7 6 6 5 6 x 7 5 5 5 5 6 x 7 8 4 5 4 4 7 6 6 6 10 6 7 5 4 6 8 5 4 6 5 5 6 5 4 x 2 6 5 4 5 7 2 7 5 4 7 x 6 8 3 6 7 7 6 7 5 4 x x x 5 4 7 4 10 x 6 7 2 7 5 6 3 5 9 4 4 5 5 8 5 5 7 5 6 3 x 5 5 5 x 3 5 x 6 8 x 4 9 x 4 4 5 4 x 3 4 x 4 x 6 3 7 4 5 x 9 x x 7 1 7 x 5 5 5 6 6 4 7 5 4 4 6 x 6 6 2 3 4 4 5 5 1 5 4 6 6 x 4 5 6 6 6 10 6 6 4 6 9 4 
x 3 3 5 2 4 5 5 x 5 5 4 5 1 4 5 4 4 3 6 5 4 5 1 4 5 x 6 2 4 3 6 6 x x 5 8 6 5 6 5 5 x 3 1 1 2 x 3 8 3 x 2 x 3 3 4 2 6 4 5 5 5 6 4 3 x 6 3 4 3 5 x 4 4 2 4 4 4 4 4 2 5 4 x 1 5 3 4 4 3 5 4 2 4 3 4 x 4 x 4 3 2 x 4 6 2 4 7 3 5 3 x 7 4 x 2 4 5 3 3 5 3 4 4 4 3 4 2 2 4 4 4 3 9 4 2 8 4 3 x x 4 3 4 4 4 4 2 5 3 5 4 4 4 7 6 4 6 5 3 3 x 4 1 5 5 x 3 5 x 2 3 5 4 5 4 4 x 4 2 4 x 2 x 6 6 3 5 5 2 4 x 6 2 5 7 x 6 4 
x 6 2 4 5 3 2 4 5 x 6 3 4 4 1 6 2 3 6 3 6 4 8 4 3 5 3 7 x 3 6 5 7 3 9 4 7 4 x 5 5 6 4 4 4 4 5 5 6 7 3 5 x 3 6 3 5 5 x 3 6 7 2 5 7 7 5 5 3 5 6 4 3 4 3 5 x x 3 5 5 x 3 3 6 4 4 7 3 x 6 6 3 5 3 3 3 3 5 5 1 6 3 7 3 5 5 5 8 3 4 2 4 8 3 3 5 5 x 2 5 6 x x x 7 4 x x 3 3 5 3 2 6 3 5 7 3 3 2 4 3 4 x 5 3 3 5 6 2 6 5 5 4 8 5 6 7 4 6 6 4 x 4 5 4 3 6 6 3 3 4 2 x 4 5 4 4 3 5 5 4 5 2 7 4 4 x 4 5 7 5 x 5 x x 6 7 3 
7 x 5 x x 4 7 7 7 6 8 7 7 5 6 5 8 x 7 7 9 x 9 5 6 8 6 7 x 5 x x 7 x x 7 9 8 x x 7 x 7 x 5 5 6 6 x 7 4 8 6 6 7 8 x x 10 6 7 6 x 6 x 7 7 6 x x 6 x 6 7 6 6 8 4 5 8 x 6 7 x 7 5 x 7 5 8 7 8 x 6 x x 8 x 6 6 6 7 6 x 7 8 6 x 9 7 x x 6 9 4 6 5 6 9 5 7 x 5 x 6 8 8 5 5 6 5 8 6 5 9 6 6 9 4 x 7 5 x x 5 6 x x x 6 7 7 6 x 5 x 8 7 10 x 7 x 5 5 5 8 6 x 7 7 4 6 8 6 7 x 6 5 x 4 x 5 8 6 6 7 6 7 7 5 6 7 7 10 6 3 x 7 10 x 
6 6 3 5 5 4 x 6 6 x 6 x 5 4 2 8 1 5 6 x 8 5 8 4 x 6 5 8 6 4 x 7 x 4 9 6 8 5 5 6 4 8 5 6 4 4 5 5 4 9 4 6 5 5 6 4 7 3 10 4 x 6 3 6 7 6 x 6 4 5 x 5 5 5 4 5 1 4 4 7 6 5 4 4 4 4 x 6 5 5 6 6 4 5 4 4 4 4 7 3 2 4 x 6 x x x 6 8 4 6 3 3 8 4 4 6 6 8 x 6 6 4 8 4 7 5 6 5 5 5 7 x 3 x x 5 x 4 x 3 4 4 4 5 5 4 4 6 6 3 6 x 5 5 9 6 5 x 5 6 6 5 5 4 6 5 4 6 6 x 4 6 3 7 x 6 5 5 4 5 5 x 5 3 7 5 x 3 5 x 7 6 9 x x 5 6 9 4 
5 4 4 x 4 2 2 5 6 4 5 x 3 4 3 x 5 1 6 3 7 2 7 4 x 4 5 x 3 3 6 5 5 4 9 5 7 4 3 4 4 8 4 x 4 4 4 6 5 6 2 6 5 5 5 4 7 x x 3 5 6 2 4 6 6 x x 4 3 4 x 4 3 2 4 4 3 x 5 4 5 3 x 5 x 5 6 1 x 5 5 5 5 3 2 3 x 4 x 3 6 x 8 3 6 x 4 5 x 3 x 3 7 2 2 3 3 x 4 6 5 4 6 4 7 4 x 3 5 1 5 3 x 7 x 5 7 2 2 2 4 x x 3 5 2 x 3 4 3 5 5 3 x 7 4 4 x 3 5 5 3 3 4 4 4 2 x 6 2 5 6 2 5 4 4 x 2 2 3 3 3 5 2 x 4 6 2 x 5 6 6 7 4 5 4 4 7 2 
x 6 5 7 4 x 5 x 5 7 6 6 8 3 6 7 6 6 5 6 7 6 7 3 6 7 4 8 4 6 5 8 x 5 8 7 10 8 6 6 7 7 7 6 3 3 4 4 x 6 5 6 4 4 6 6 6 4 8 6 7 6 5 6 6 5 8 x 5 6 5 6 4 6 6 4 6 x 6 6 6 4 6 5 5 3 7 5 6 6 5 6 6 4 6 5 4 6 6 4 6 5 4 9 4 8 4 6 7 6 7 5 5 8 6 x 4 6 7 5 5 7 x 6 6 6 6 6 4 4 6 6 6 5 9 7 4 10 6 5 5 3 5 5 6 7 5 5 4 7 5 7 6 6 6 10 8 x 8 7 6 6 6 6 3 7 7 5 6 8 5 4 5 5 6 7 6 6 5 5 4 6 7 3 5 8 7 5 5 6 4 6 6 4 4 7 9 7 8 6 
6 6 4 5 x 4 2 5 6 6 5 x 5 6 3 7 x 3 6 3 7 4 9 6 3 4 5 7 5 3 7 6 7 3 10 5 7 4 5 6 6 8 4 5 6 6 6 6 7 8 x x 4 5 5 3 x 7 10 3 7 7 2 6 x 7 x 6 5 x 5 5 5 4 4 6 4 5 3 7 4 7 x 3 x 6 4 x x 6 7 5 5 7 3 4 3 5 6 7 x 8 5 9 3 5 5 4 7 x 5 4 5 7 4 4 5 5 8 x 6 5 6 6 x 9 3 x 5 5 3 5 3 x 6 4 x x 4 4 2 6 3 3 3 5 3 4 x 6 5 5 4 x 5 x 4 6 9 5 6 6 x 5 6 5 4 4 6 5 4 5 6 2 6 4 4 x x 4 5 5 5 5 2 7 4 x 2 x 7 6 7 9 6 x 6 6 7 5 
5 7 8 7 6 6 6 x x 7 9 5 7 5 6 9 8 7 7 7 7 6 9 5 x 7 6 8 6 x 7 7 x 8 10 7 x 9 7 8 x 7 x x 5 5 6 6 7 9 x 6 6 4 x 7 x x x 8 7 9 x 8 x 7 x 8 6 8 8 9 x 8 6 6 8 x 7 x x 6 7 x 6 5 7 7 x 8 7 9 6 6 7 6 7 x 8 6 7 7 4 9 x 9 6 x 11 x 8 5 x 8 6 7 7 6 7 7 x 9 5 8 x 8 x 7 7 4 x 6 8 7 10 6 6 11 6 7 6 5 6 8 x 8 6 x x 7 x 9 9 8 8 9 8 8 6 7 7 7 7 x 5 9 8 x 7 9 6 4 5 7 8 7 x 8 x 6 6 x 7 6 6 x x 5 6 7 x x x x 6 x 8 8 x 6 
4 6 5 5 5 3 3 6 4 x 6 x 2 4 4 x 5 2 6 4 6 1 8 x 4 x x 6 4 4 x 5 6 5 10 7 7 4 4 x x 6 5 4 4 x x 5 5 x 4 6 5 x x 5 5 x 9 4 5 x x 5 x 6 5 6 4 4 5 4 x 4 1 x 5 4 4 6 x 6 x 3 5 x 5 7 2 x 6 6 5 6 x 3 4 4 5 4 4 6 3 8 x 6 x x 6 4 4 x 4 x 3 3 4 x 6 5 4 x 3 x 5 8 x 4 x 3 2 6 4 5 7 1 x 8 4 3 x x 3 x 4 3 3 3 4 5 x 6 x 4 x x x 5 6 2 x 6 5 4 5 5 5 3 6 x 4 3 x 3 6 5 3 4 x 4 4 4 2 x 3 x x 4 x 4 x 7 5 9 5 x x 6 7 4 
7 7 7 9 6 8 7 9 7 7 9 8 9 5 8 9 8 7 7 9 9 8 7 5 7 7 6 8 6 9 x 6 10 7 8 x 8 7 6 7 x 9 7 7 5 5 x 4 7 x 8 7 6 6 7 x 8 6 8 8 x 7 8 7 8 5 x x 7 6 7 7 6 8 8 6 8 8 9 7 8 4 8 7 8 5 x x 7 8 7 9 8 4 9 8 9 8 x 6 8 7 x x 9 10 6 8 11 6 7 7 9 11 8 7 6 x 9 7 7 9 x 6 8 6 6 6 6 6 7 8 7 7 10 x x 13 8 8 7 5 8 7 7 8 8 8 x 8 7 9 8 5 6 10 8 9 9 9 7 7 7 6 5 9 8 8 x x x x 5 8 6 7 8 7 8 8 6 6 9 x 8 x 9 x 7 7 x 8 8 10 x 9 10 10 10 8 
x 3 3 5 2 4 x 5 3 5 5 5 5 1 4 5 4 4 3 6 5 x 5 1 4 6 x x x 4 x 6 6 3 6 5 7 6 5 x 5 5 5 3 1 1 x 2 3 8 3 4 2 2 3 3 4 x 6 4 5 4 5 x 4 3 6 6 x 4 x 4 2 4 x x 4 4 4 4 x 2 6 3 3 1 5 3 4 x 3 5 4 x 4 x x 4 4 x 4 3 2 7 x 6 2 x 7 3 x 3 4 7 4 x 2 x 5 3 3 5 3 4 4 4 x x 2 x 4 4 x 3 9 5 x x 4 3 5 1 x 3 4 4 4 4 2 5 x 5 4 4 4 x 6 4 6 5 3 3 5 x 1 5 6 3 3 x x 2 x 5 4 5 x x 3 x 2 4 x 2 x x x x x x x 4 4 x 2 5 7 6 x 3 
x 5 4 3 3 2 2 5 6 4 5 x 3 4 3 6 x x 6 3 x 4 7 4 1 4 x 5 x 3 4 5 5 x 9 5 7 4 3 4 x 5 x 5 4 4 3 5 4 6 2 6 4 4 5 3 6 5 8 3 5 6 2 4 6 6 5 4 x 3 4 5 4 6 x 3 4 3 3 6 2 5 3 4 4 x 4 5 3 6 4 5 3 5 3 2 3 2 x 5 3 6 4 x x 4 x 2 7 3 5 5 5 7 2 4 x 3 7 4 6 x 4 6 1 7 3 3 3 x 3 3 1 4 6 4 5 7 x 4 2 4 5 3 1 x x 2 2 4 4 5 2 x 3 7 4 x x 3 5 5 3 3 4 6 4 2 5 3 2 5 6 2 6 4 2 1 2 2 3 3 3 3 2 5 x x 2 3 4 5 5 8 3 4 x 4 7 2 
6 7 5 5 5 x 4 6 x 7 7 x 6 5 5 8 6 4 7 4 7 x 7 6 4 1 x 8 5 5 6 2 x 4 11 6 4 3 x 5 5 5 x 5 6 x 5 7 x 6 5 3 x 4 7 5 6 7 11 4 6 3 x 5 7 7 2 7 5 6 x 6 5 5 5 5 5 5 x 6 x x 5 x 6 6 6 6 4 x x 7 6 6 5 4 x 4 x 6 5 5 4 10 5 7 x 4 8 4 6 5 x x 4 5 x x x x 5 6 5 7 4 7 5 5 5 4 4 6 4 5 8 5 6 9 4 5 4 x 4 4 4 2 x 4 5 x x 5 2 6 5 10 4 7 7 6 7 x 5 5 x 6 6 x 7 6 5 x 4 3 8 1 x x 5 4 4 6 6 4 x 8 6 4 4 5 x 7 7 x 5 x 7 7 8 4 
4 4 x 6 3 x 4 6 4 x 4 5 x x 3 6 5 5 4 5 6 x 6 x x x 3 7 3 5 x 7 7 4 x x 8 7 6 5 7 6 6 4 x 2 3 3 4 x 4 5 x 3 x 4 5 3 7 5 6 5 4 5 5 4 x 7 4 x 4 5 3 5 5 3 5 5 5 5 5 x 5 4 4 2 6 5 5 5 4 4 5 x 5 4 5 x 5 x 3 x 3 x 5 7 3 5 8 x x 4 x 6 5 4 3 5 x 4 x 6 4 x x 5 4 5 3 3 5 5 5 4 x 6 3 9 5 4 4 x 5 4 4 5 5 x x x 4 6 5 5 5 8 7 5 x 6 4 4 6 5 2 6 6 4 4 6 5 3 x 4 5 6 5 5 4 5 3 5 x 3 4 7 5 4 4 6 3 5 5 7 3 6 6 6 7 5 
6 7 6 5 5 4 7 7 6 2 4 7 6 6 7 7 8 x 8 7 8 6 8 x 5 8 7 1 5 5 x 6 6 6 9 7 x 7 5 5 8 8 8 6 6 6 5 5 6 8 4 x 7 5 8 6 7 5 9 6 4 8 6 5 5 6 6 6 4 6 5 x 5 3 6 5 7 5 5 6 5 5 6 4 6 6 x 6 5 x 6 4 5 5 5 4 8 4 7 5 7 8 5 9 8 8 7 5 9 6 8 6 7 6 5 4 5 3 8 6 6 8 4 5 5 7 6 3 6 5 x 7 5 6 7 6 7 8 4 4 7 6 4 6 5 7 4 x 5 6 6 7 7 7 5 9 7 7 8 6 8 7 5 5 6 2 6 4 7 7 4 5 6 6 5 8 5 6 5 4 5 3 6 x 6 1 5 6 6 5 7 4 7 x 5 6 6 6 9 4 
4 4 4 3 3 2 4 6 4 x 5 3 x 2 x x 6 3 4 5 6 4 6 x x 5 3 5 1 3 4 6 5 4 7 x x x 3 4 6 x 4 4 2 x 3 3 4 x 2 5 3 x 4 4 x 3 7 3 4 5 4 x 5 4 5 5 4 3 2 5 3 5 5 3 5 3 3 x 3 3 5 4 4 x x 4 3 5 x 5 5 3 3 x x 3 5 3 5 x 3 x 3 5 3 x 7 4 6 4 5 7 3 4 1 3 6 4 x 6 4 4 2 x 4 3 x x 3 5 2 x 7 5 x 7 2 4 4 2 x 4 x x x x 1 x 4 x 3 5 x 7 6 5 x 5 4 4 3 3 2 6 4 x 4 4 2 x 4 x x 5 4 x x x 1 3 5 x 4 x 4 4 4 3 x 3 5 7 3 x x 4 7 3 
x 5 4 3 4 x 2 5 x 4 5 3 5 4 3 5 4 3 6 3 x 4 9 4 3 5 5 5 3 1 x x 5 3 9 5 8 x 3 5 x x 5 5 x 4 4 6 5 6 2 7 4 4 x 4 6 5 10 3 x 7 2 4 6 x 6 4 4 x x 4 x 6 4 x 4 x x 5 4 x 3 x x 4 4 6 3 x 5 5 x 5 1 2 3 2 x 5 3 6 x x 3 x 5 x x 3 3 x x 7 x 4 3 3 x 3 x 5 5 6 x 7 x 3 x 4 3 6 3 3 x 4 4 7 x x 2 x x 3 3 5 4 2 3 4 5 4 x 5 3 7 4 5 x x 5 5 3 3 4 x 2 2 5 5 2 4 6 2 x 5 x 3 2 2 x x x 4 2 5 x 5 2 3 x x x 8 5 6 6 4 x 2 
x 5 5 x 2 4 6 5 x x 5 6 x 3 6 x x 6 5 7 7 x x x 4 6 x x 4 x 1 6 8 5 8 5 6 4 5 6 5 6 6 5 3 3 2 4 1 8 5 5 4 3 5 5 6 2 8 6 6 6 6 6 4 5 6 7 5 4 6 5 4 4 5 2 4 4 x 5 x 4 7 5 1 3 7 5 5 2 3 x 6 4 5 5 7 4 4 2 x 5 4 x 7 7 4 6 x 5 5 5 4 7 4 5 4 4 7 5 5 5 5 7 5 6 5 5 4 4 x 6 5 5 8 6 4 10 4 5 6 3 6 5 5 5 6 4 4 7 5 7 5 6 4 8 8 6 8 7 5 5 5 4 3 5 6 x 5 7 4 4 x 6 6 6 6 5 4 4 4 4 7 x 6 6 6 5 6 5 4 4 6 6 2 7 5 6 8 4 
5 6 4 6 5 6 5 6 5 x 8 5 4 6 5 x 7 5 8 6 7 5 6 6 5 2 7 6 6 x 6 1 8 5 11 6 3 4 7 6 6 6 2 5 6 6 6 6 7 5 6 2 7 4 x 5 6 7 11 5 7 2 4 7 8 7 1 8 6 x 7 7 x 4 5 6 6 5 6 7 5 7 6 3 6 6 7 5 5 7 4 8 5 7 6 5 6 5 5 7 x x 4 10 6 x 7 5 6 5 7 x 5 10 5 3 6 7 7 4 5 8 6 6 5 6 6 6 6 4 5 4 5 x 9 5 7 10 5 3 5 6 3 5 x 3 3 5 6 7 4 4 3 7 7 9 3 8 x 4 6 6 6 7 6 5 x 6 6 6 5 4 x 4 6 2 5 4 5 5 5 6 4 5 4 6 7 3 x 6 7 8 6 7 5 6 8 8 9 5 
x 7 5 5 7 4 6 7 7 x 7 7 7 6 7 7 x 5 x 7 x 6 10 6 5 x 7 6 5 5 8 8 7 8 11 7 10 8 5 6 8 10 x 8 6 6 7 8 8 8 4 9 7 6 7 8 8 7 x x 6 9 6 6 9 x 8 6 6 5 7 7 6 8 6 x 7 5 5 7 6 7 7 6 8 6 8 8 5 9 8 7 6 7 5 4 7 x x 7 6 8 6 10 7 9 x 6 9 x 7 7 7 9 4 6 5 6 x 5 7 7 6 8 6 9 x 5 5 6 5 8 6 5 10 6 x 9 4 6 x 6 6 8 5 6 6 4 x 6 7 x 6 7 5 x 8 x 10 7 7 7 5 5 6 x 6 4 7 x 4 6 x 6 8 7 6 6 4 4 5 6 7 7 6 6 6 7 6 5 7 7 7 10 7 7 x 6 9 4 
4 5 3 5 4 5 2 x 6 x 5 3 6 x 3 x 4 4 5 3 8 5 7 3 x 4 4 6 4 3 5 5 8 1 8 x x x x 6 6 x x 5 3 3 4 4 5 7 x 6 x x x 1 x 4 8 3 6 x 2 x 6 5 5 6 x 6 5 x 4 4 4 x x 5 x x x 4 3 3 5 3 2 5 x 6 5 5 4 4 3 5 3 4 x 4 3 5 4 x x x 2 4 7 1 2 5 5 7 4 3 4 6 7 3 5 x 5 7 x 6 1 5 4 x 4 x 3 3 x x 4 x 4 x 2 3 4 1 3 5 4 4 4 x x x 5 2 6 8 4 x 7 6 5 5 5 x 3 5 4 x 5 5 5 x x 2 6 4 4 3 x x 4 5 6 x 2 7 x 6 x 5 x 6 5 8 4 6 7 4 7 4 
8 8 8 9 7 x 9 10 8 8 10 10 x x 9 x 9 9 8 10 10 10 8 6 9 11 x 9 7 9 8 11 11 8 1 x x 11 x x x 11 x x x x 7 5 x 13 9 9 7 7 8 8 9 7 x 9 x 9 x 8 10 6 11 11 9 x 8 10 7 9 9 7 9 9 10 8 x 5 11 8 x x x 6 8 x 8 9 9 5 x x x 9 x 7 9 8 x 11 x x x 9 12 x 10 x 10 7 9 x 7 7 10 x 8 10 8 7 8 x 8 7 7 7 x 9 x 8 11 x 7 13 9 9 9 6 9 x 8 9 x 9 7 9 x 10 9 10 7 11 11 9 x 10 8 8 x 7 6 10 11 x x 10 9 7 8 9 7 11 x 8 x x 7 x 10 7 9 9 10 8 9 x x 9 9 11 7 10 x 11 11 x 
7 x 3 5 4 4 x 1 x x 7 4 7 5 4 7 6 5 7 5 7 7 x 5 5 6 x 7 x 5 5 6 7 x x 1 x 6 5 6 5 8 7 7 x 5 4 6 5 x 4 7 7 7 8 5 x 6 10 4 7 x 4 x 6 7 x x 6 6 6 4 6 6 7 4 6 4 x 8 6 6 5 4 5 5 6 7 6 6 5 7 4 6 6 4 6 4 6 6 4 7 7 11 6 x 6 6 8 5 x 5 4 9 4 4 6 6 9 3 7 7 5 6 5 x 5 x 6 6 6 6 4 3 9 7 6 10 4 4 5 5 4 5 x 6 4 4 5 6 5 7 x x 6 9 6 7 10 6 x 7 5 6 5 7 5 x 7 7 4 6 x 4 6 7 6 4 5 4 6 6 7 4 4 8 6 7 5 5 6 8 8 8 4 5 7 2 10 4 
x 8 6 9 7 7 7 7 7 10 10 x 6 8 7 9 8 7 10 7 x 7 8 7 7 4 8 x x 8 6 3 10 x x x 5 6 x 7 x 8 4 7 7 7 8 9 6 7 x x 9 x 8 x 8 7 13 6 8 4 6 7 10 x 3 10 8 8 9 9 6 6 7 8 8 7 8 9 7 9 8 5 6 8 9 7 7 5 x 10 7 9 8 7 8 7 7 7 7 6 6 12 8 x 9 7 8 7 8 6 7 12 7 5 8 9 9 6 7 10 8 9 7 x x 8 x 6 7 6 7 6 11 7 9 12 7 5 x 8 5 x 6 5 x 7 7 9 6 6 5 9 9 11 5 10 10 x 8 8 8 9 8 7 9 x 9 9 7 6 5 x 8 4 7 6 8 7 7 9 6 7 6 8 9 5 7 8 9 7 8 9 7 8 10 8 10 7 
7 7 4 6 5 5 3 6 7 6 6 4 6 6 4 8 5 4 8 4 9 4 7 6 4 3 7 7 x x 4 4 8 x 11 6 6 3 x 3 x 5 3 6 6 6 5 x 4 8 5 5 5 6 6 x 7 5 11 4 4 x x 3 7 8 4 x x 4 5 6 5 7 4 5 x 4 4 8 5 x 4 x 4 6 5 6 4 5 6 x 6 6 x 4 x x 7 5 x 5 5 x 4 7 5 5 x 4 6 5 x 8 5 6 5 x x 4 x 6 6 5 4 x 4 5 5 5 x x 4 4 7 x 5 8 5 5 3 6 5 4 4 2 5 4 4 7 5 7 2 x x 10 5 7 7 6 7 7 6 4 6 8 5 5 7 6 5 6 7 3 5 3 5 4 x x x x 6 6 3 7 5 6 x 6 6 7 x x 5 6 7 7 x 5 
x 6 3 3 4 2 x 5 5 4 5 5 5 5 x x 5 3 6 5 7 4 6 5 3 x 6 5 3 3 5 7 5 x x 5 x x 3 4 6 8 6 5 4 5 4 x 5 6 2 5 5 4 5 6 6 6 7 4 5 7 4 4 6 4 7 4 5 3 4 5 4 6 5 4 6 3 3 5 4 3 x 4 5 5 7 4 3 6 5 6 5 3 3 2 6 2 4 6 5 7 5 8 5 6 6 4 7 5 6 6 5 7 2 4 3 3 6 3 5 5 4 6 4 5 6 3 3 5 3 5 3 4 7 4 5 7 2 4 5 5 4 6 4 4 4 2 3 4 5 5 5 5 3 5 6 5 8 5 5 5 3 3 5 7 4 2 6 6 2 4 4 4 5 6 4 3 2 2 3 3 5 5 4 5 4 4 5 3 5 5 6 9 4 5 6 4 7 2 
6 x 4 4 4 3 6 6 6 x 6 6 6 6 5 x 6 4 6 6 8 x 7 x 4 5 5 5 4 5 6 6 6 6 x 6 7 3 4 1 5 7 5 6 5 6 x 4 6 8 3 7 6 6 6 7 8 5 8 5 2 7 5 1 6 5 6 5 4 2 x 6 6 6 5 x 6 4 5 6 5 5 7 5 6 x 7 4 4 7 5 6 5 4 x 4 7 3 6 5 5 8 6 10 6 5 7 5 8 6 7 x 4 8 x 6 4 3 7 4 6 7 4 3 5 6 7 3 4 6 x 6 4 x x 5 6 8 3 x x 6 5 7 5 4 5 4 4 5 6 6 4 6 2 8 7 x 8 x 6 6 4 2 x x 6 3 7 7 3 5 7 5 3 5 5 x 3 3 x 3 6 4 x 5 5 6 6 4 6 6 x x 4 6 4 5 8 3 
5 7 6 6 4 5 5 5 x 7 7 7 x 5 5 7 4 4 7 6 x x x 5 x 5 7 8 6 x 5 6 8 6 x 5 x x 6 5 3 7 x 8 x 5 4 6 5 9 5 7 7 6 8 6 8 6 11 5 6 7 5 5 6 x 6 7 7 6 x 6 6 6 5 x 4 4 5 8 x 6 7 5 x 5 x 7 4 6 x x x x 5 x 6 5 x 6 5 x 6 x 7 9 7 7 8 6 6 6 2 x 4 5 6 6 x 6 x 8 7 7 x 8 6 7 x x x x 6 6 x 5 x 8 5 5 6 x 5 x 6 4 5 5 7 x 6 x 4 x 6 10 7 2 8 6 8 8 6 x 5 6 6 5 7 7 5 x 7 5 7 5 7 x 5 x 6 6 6 4 5 x 7 7 5 6 6 9 6 8 4 7 8 x x x 
x 7 8 8 7 7 6 8 5 7 x 8 7 5 6 x 8 8 7 8 7 6 9 5 5 5 6 8 x x 6 6 10 x 11 8 8 5 8 7 7 7 x 5 5 5 7 6 6 10 7 7 7 4 7 8 6 7 x 8 8 7 7 7 x 7 x x 6 7 7 x 4 7 x 7 7 7 7 6 x 7 7 6 6 6 7 7 x 7 x 8 6 6 x 7 7 x 8 6 6 7 x 9 7 x 6 6 11 x 9 5 6 11 6 7 6 6 7 8 5 9 x 9 5 x 8 7 6 4 8 6 5 8 10 6 x 5 7 7 6 5 6 7 5 4 6 7 x x 5 x 4 x x 9 8 8 8 7 7 7 7 x x 8 8 7 7 7 7 4 5 x 9 x 6 5 6 7 x 6 7 x 7 x 8 5 x x 6 9 6 10 7 8 8 9 8 6 
6 7 5 5 5 x 4 7 x 7 6 4 5 x 4 7 5 4 7 4 x 5 7 5 x x 6 8 4 5 6 2 x x x 7 4 3 6 5 x x 1 x x 5 5 7 x x x x 6 x 6 x 6 6 11 4 6 3 3 x 7 7 2 x 5 x 5 6 5 5 x 5 5 5 5 x x x 5 5 6 5 6 x 4 7 x 6 6 6 5 4 x 4 4 x x 5 4 10 5 7 6 4 8 4 x x x 8 4 x x 6 7 x x 6 5 7 x 7 x 6 4 4 4 x 4 5 8 5 6 9 4 5 x x x 4 x x 5 x 5 x 5 5 2 x x 10 4 6 x 5 6 6 5 5 5 6 5 5 7 x x x 4 3 x x x 4 5 4 x 6 5 5 3 8 6 x x 5 6 7 7 8 5 x 7 7 8 4 
x 5 6 5 4 4 4 8 x 6 7 5 5 3 4 x 6 x 6 5 x 4 7 3 5 5 4 6 4 5 5 5 8 5 x 7 7 6 5 6 8 5 x 3 3 3 4 4 5 8 x 4 x 2 5 5 4 4 8 6 6 6 4 7 6 5 5 6 3 6 5 6 2 6 x 4 x 4 5 4 6 4 5 5 5 3 5 x 6 x x 7 4 4 5 4 5 4 6 x x 5 2 7 x 7 4 6 9 5 6 3 6 9 x 5 4 4 5 5 x 7 3 6 x 6 5 x 4 2 6 x 5 5 8 4 4 9 x 5 4 3 4 5 5 6 4 4 4 5 3 7 6 6 6 7 6 x 6 5 5 5 5 6 3 7 6 4 5 7 4 2 3 5 6 5 6 5 4 4 4 4 5 4 5 x 6 3 4 5 4 x 4 x 4 5 6 6 6 4 
3 3 3 5 2 x 5 5 x x x 5 5 1 4 5 4 4 3 6 5 4 5 1 4 6 x 6 2 x 3 6 6 3 x x 7 6 4 5 x 5 x 3 1 1 2 x 3 8 3 x 2 2 x 3 4 2 6 4 x 4 x 6 4 3 6 6 3 4 3 4 x 4 4 x 4 4 4 4 4 2 6 3 x 1 5 x 4 4 x 5 4 x 4 3 x 4 4 2 4 3 2 7 x 6 2 4 7 3 5 3 4 7 4 3 2 4 x x 3 5 3 5 x 4 x 4 2 2 4 4 3 3 9 5 2 8 4 3 5 x x 3 3 4 4 4 2 x x x 4 4 4 8 6 4 6 5 3 3 5 4 1 5 5 3 x 5 4 2 3 5 4 x 4 4 3 x 2 4 5 2 5 x x x x 5 2 4 4 6 2 5 7 5 6 4 
3 3 3 5 2 x 5 5 x 5 5 5 5 1 4 5 4 4 3 6 5 x 5 1 4 x 2 6 x 4 3 6 6 3 x 5 7 6 5 6 5 5 5 3 1 1 2 2 3 8 3 x x 2 3 x x x 6 4 x x 5 5 4 x 6 x 3 4 3 5 x x x 2 4 4 4 4 x x 6 3 3 1 5 x 4 4 3 x x 2 x 3 4 4 x 2 x 3 2 7 4 6 2 4 7 x x 3 4 7 4 x 2 4 5 3 x 5 3 5 3 x x x 2 2 4 x 3 3 9 5 2 8 4 3 5 1 x x x 4 x 4 2 x 3 x 4 x x 8 6 4 x 5 3 x 5 4 1 5 5 x 3 x 4 2 3 5 x x x x x 4 2 x 5 2 5 x 6 3 5 5 2 x x 6 x 5 7 5 x x 
4 x 4 5 1 3 5 4 4 6 4 6 6 2 5 6 5 4 4 6 6 x x x 3 5 3 5 3 4 2 6 7 4 7 4 8 5 4 x 4 7 5 4 2 2 1 x 2 7 4 x x 4 4 x 5 3 7 x 5 5 5 x 3 x 6 x 4 3 x 4 3 3 5 1 x 3 4 x 5 3 6 4 2 2 6 4 4 x 2 x x 3 x 4 6 3 x 3 5 4 3 8 6 6 3 5 x 4 4 4 3 x 3 4 3 5 6 x 4 x x x x 5 4 4 x 3 x 5 x x x x 3 8 x 4 x 2 5 4 4 4 5 3 x x 5 6 4 x x 9 x 5 x 6 4 4 x 3 2 x x 3 4 6 x x 4 x 5 5 5 x x 4 x 5 x 1 5 5 5 4 5 x 3 x x 5 1 6 7 x x 4 
4 x 4 6 3 5 5 x x 4 6 6 x x 5 6 5 6 4 6 6 5 4 2 5 7 3 5 3 6 4 6 8 4 5 6 9 x x 4 6 6 7 4 x 2 x 1 4 9 5 5 3 3 x 4 5 x 5 5 x 5 6 4 5 2 7 x x 3 x x 3 x x 3 5 5 5 x x x x 4 4 2 6 2 x 5 x 6 5 1 5 x 5 5 x x 5 4 3 7 5 7 3 5 9 4 5 4 x 8 5 4 3 x 6 4 4 x 4 x x 3 x x 3 3 5 5 4 4 7 6 3 9 5 4 6 2 5 4 4 5 5 5 3 5 4 6 x x 3 7 7 x 7 6 4 4 6 3 2 6 6 4 x 6 x 3 4 6 x x 5 4 4 5 3 x 6 3 5 5 7 4 5 6 3 5 x 7 3 6 8 6 7 5 
5 5 5 6 2 4 6 5 5 5 5 x 7 3 6 x 4 5 x 7 7 5 7 3 4 x 4 6 4 5 1 7 8 5 x 5 6 4 5 6 5 6 x 5 3 3 2 4 1 8 x 5 4 3 5 x 6 2 8 6 5 6 6 6 4 5 6 7 5 x 6 5 x 4 5 x x 4 5 5 6 x 7 5 1 3 7 5 5 2 3 5 6 4 5 x 7 4 4 2 6 5 4 9 x 7 4 6 9 5 5 5 x x 4 5 4 4 7 5 x 5 5 6 5 6 5 5 x 4 5 6 5 5 8 6 4 x 4 5 6 3 6 5 5 5 6 x 4 7 5 7 5 6 4 8 8 x 8 7 5 5 x x 3 x 6 4 x 7 x 4 5 6 6 x 6 x 4 4 4 x x 2 x 6 x 5 5 5 4 x x x 2 7 5 6 8 4 
x 6 7 7 7 5 7 8 x 7 8 7 8 8 7 7 9 6 6 8 9 x x 8 6 6 x 8 x 6 8 5 8 7 13 x 7 8 6 8 9 10 x 8 8 8 7 9 8 3 x x x x 6 7 x 9 13 7 x 4 7 8 9 10 5 x 8 7 8 x 7 x 7 7 x 5 x 9 7 9 8 x 8 8 8 9 6 9 8 8 6 9 6 x 9 5 7 x 7 6 7 12 x x x x x x 8 8 8 10 5 x x 6 x x x 8 7 9 7 x x 6 7 x x 8 6 x 10 7 x 10 5 7 8 x 7 x x 7 7 5 x 7 x 3 7 8 6 10 7 7 x 8 6 6 6 x 8 x 7 5 6 x 5 7 x 7 8 6 7 6 x 5 7 6 x 7 x 8 7 7 7 6 7 9 9 x 7 5 5 x x x 
4 4 2 2 3 x 4 4 4 3 5 x 4 3 3 4 4 2 5 x x 4 8 3 2 5 4 4 2 2 5 6 4 x 9 4 x 5 2 3 5 7 x x 3 3 4 5 x x 1 x 4 x 4 x 5 5 9 3 x x 3 3 x 6 5 3 4 x x 4 3 x 4 x 4 2 2 5 x 5 4 x 5 x x 5 2 x 4 x 3 5 x x x 1 3 5 3 5 x 7 4 x 5 x x 4 x x 4 6 2 x 2 2 6 2 4 4 4 5 x x 5 x x 3 x 5 3 x 6 x x x 1 x 4 x 3 x 3 x x x 2 3 x x 3 4 2 6 x x 7 4 x 4 x 2 4 5 x x 4 4 1 3 4 3 5 4 x 2 2 1 2 2 4 3 3 x 3 4 4 2 5 x 5 7 3 x 6 3 6 x 
4 6 x 6 6 6 5 7 4 x 7 5 5 x 5 8 6 6 6 x 6 6 7 4 6 3 5 x 5 7 5 2 9 6 9 7 x 5 5 7 7 7 x 4 x x x 5 5 x x 3 5 3 7 6 5 5 9 x 6 3 5 7 8 6 2 7 4 6 6 7 3 5 x 6 7 5 7 5 5 5 7 4 5 4 6 6 6 6 x x 5 5 7 6 5 6 6 5 5 6 x 8 x 7 5 6 7 5 7 4 x 9 5 x x 5 6 5 4 x 4 7 6 7 6 5 5 3 6 5 x 5 10 x 5 11 x 4 x 4 4 x 5 4 4 6 5 6 5 3 4 6 x 8 4 7 7 5 6 6 4 x 4 6 8 x 6 8 6 3 2 5 7 2 6 x 5 6 5 5 5 5 5 8 7 2 x 4 5 x 5 7 6 6 7 7 7 x 
x x 4 6 3 4 3 7 4 7 6 4 4 2 x 6 5 5 4 4 6 5 6 2 4 x x 7 3 4 4 7 7 x 7 7 9 5 5 6 7 7 6 x 2 x x 3 4 x 4 5 1 3 4 4 5 3 7 5 4 5 3 6 5 4 7 x 4 5 4 6 3 5 5 3 5 5 4 5 5 3 4 4 4 2 6 4 5 5 4 6 5 3 4 5 4 4 5 3 5 4 3 8 4 6 3 5 7 4 5 4 5 8 5 4 3 5 6 4 4 6 4 3 4 5 4 6 3 3 5 5 4 4 7 5 1 8 5 4 3 2 5 4 4 5 5 5 3 7 4 6 5 5 5 9 5 5 7 4 4 4 6 5 2 6 5 4 4 6 5 3 4 3 3 6 5 4 4 5 3 5 4 3 3 7 5 4 3 6 3 5 5 7 3 6 8 6 8 5 
2 4 4 4 3 x 3 6 2 4 6 5 4 x 3 6 5 5 4 5 4 x 6 2 4 4 3 5 x 4 3 4 6 x 7 7 x 6 4 6 6 4 x 2 2 2 4 3 3 x x 3 3 1 4 x 3 x x x x 5 x 6 5 4 4 6 2 5 4 6 1 5 3 x 5 4 4 3 5 3 4 4 x 2 4 4 x 5 4 6 3 x 4 3 x x 5 x 3 4 1 6 4 6 3 5 x x 5 2 x 8 x 4 x x 4 4 2 6 2 x 4 5 4 4 3 x 5 3 x 4 x 3 3 8 3 x 3 2 3 5 4 5 x 3 3 4 2 6 5 5 5 x 5 5 5 4 4 4 4 x 2 6 x 3 4 6 3 x 2 x 5 4 5 4 4 3 3 3 4 3 4 x x 2 3 4 x 5 3 7 3 4 x x 5 3 
5 1 5 5 x 5 4 8 5 6 7 5 7 3 6 7 6 5 6 5 x x 7 3 5 7 x 8 4 x 5 x 7 x 8 8 8 6 5 6 8 7 6 5 x 3 4 x 5 6 4 7 4 4 1 5 6 4 x x 6 7 4 7 6 x 6 7 5 6 5 7 x 6 6 4 6 4 x x 6 4 5 4 x 3 7 x 5 6 5 7 6 4 5 4 3 4 6 4 6 5 4 x x x 5 6 7 x 6 x 7 10 4 5 4 x x 5 5 7 5 x x 6 5 5 5 4 5 6 5 x 8 x 4 9 4 x x 3 4 x 5 6 x 4 x 6 x 7 x 7 6 10 6 6 8 7 x 1 3 x 3 7 6 5 x 3 4 x x x x x 6 5 4 x x x x x x 7 x x 4 x 2 7 6 4 x 7 8 7 8 4 
x 5 4 6 x 5 2 5 5 7 5 3 6 3 3 8 4 4 6 3 7 5 x 3 3 5 4 6 4 4 5 5 8 1 8 5 x x 6 7 6 8 x 5 3 x x 4 x 7 x 6 4 x 5 1 6 4 8 3 6 7 x x 6 5 5 x x 6 5 2 4 4 x x 4 4 4 6 x 4 x 3 x 3 2 5 x 6 5 5 4 x 4 5 3 x 6 4 3 5 5 9 3 6 2 4 8 1 2 4 6 6 4 3 4 5 8 3 6 3 5 7 3 6 1 6 x 5 4 x 3 3 6 5 4 7 5 3 2 3 3 1 3 5 3 5 4 7 4 5 5 2 x 8 x 7 8 6 5 x 5 6 3 5 3 5 5 5 5 5 5 2 x 4 4 3 5 5 x x 6 4 2 x 4 5 2 5 4 6 5 8 x 5 7 4 7 4 
4 6 6 6 5 6 5 8 4 6 8 x 6 4 5 x 7 7 6 x x 5 8 4 6 6 5 7 x 6 6 6 8 x 9 x 8 7 6 8 8 6 6 4 4 x 5 5 6 x 5 5 5 3 6 6 5 5 9 7 6 7 5 8 7 6 6 8 4 7 5 8 3 7 5 5 7 5 6 5 7 5 6 6 6 x 6 6 7 7 6 8 5 5 6 5 6 5 7 5 x 6 3 8 x 8 x 7 10 6 7 4 8 10 5 5 5 5 6 6 4 8 4 7 6 x 7 5 5 3 7 5 6 6 9 5 5 10 5 6 5 x 5 x 6 7 5 5 5 6 4 8 7 7 7 8 7 7 7 6 6 6 6 7 4 8 7 5 6 8 5 3 4 6 7 6 7 6 5 5 5 5 6 5 6 7 7 4 5 6 5 7 5 9 5 6 8 7 7 5 
5 4 4 6 3 x 6 6 x x 6 6 6 2 5 x 3 x 4 7 x x 6 x 5 7 3 5 3 5 2 7 7 4 7 6 7 5 6 5 6 7 6 4 2 x 3 x 2 9 5 5 3 x 4 4 5 1 7 5 4 5 5 5 5 4 7 x 4 5 4 x 3 5 5 3 3 5 5 6 5 3 6 4 2 2 6 4 6 3 4 x 5 3 5 4 5 5 5 1 5 4 3 8 5 7 x 5 8 4 6 4 5 8 5 4 3 x 6 4 4 6 4 6 4 5 4 3 3 3 5 5 4 4 7 4 3 9 5 4 6 2 5 4 4 x 5 5 3 6 4 6 5 5 5 9 7 5 7 6 4 4 6 5 2 6 7 4 4 x 5 4 4 x 5 7 5 5 4 5 3 3 6 3 5 5 7 4 6 6 3 5 6 7 3 x 6 6 7 5 
8 8 8 10 7 9 9 10 8 8 9 10 10 6 x 10 10 x 8 10 x 9 8 6 8 11 7 9 7 10 8 11 x 8 x 10 13 11 7 8 11 x 11 8 6 6 7 5 8 13 9 9 7 x x 8 9 7 1 x 8 9 x 8 9 x 10 10 8 7 8 10 7 x 9 7 9 x 10 8 9 x x 8 8 x x x 8 x 8 x 9 5 x x x 8 9 7 9 8 7 x 10 x 7 9 12 8 10 8 x 7 9 x x 7 10 8 8 x x 7 8 x x x x x 8 9 8 x x 9 7 13 9 9 x x 9 8 8 x 9 x x 9 8 10 9 10 7 x x 9 9 x 8 8 10 7 6 10 11 9 x x x 7 8 x 7 x 9 8 x x 7 x 10 7 9 x 10 8 9 10 7 x 9 x 7 x x x x 9 
x 5 2 3 4 3 2 4 x 4 5 3 6 4 3 6 4 3 6 3 8 4 8 4 3 4 5 6 3 3 6 5 x 3 9 4 6 4 4 5 5 8 4 6 4 4 x 5 6 7 3 x 5 x x 3 7 5 x 1 4 6 2 5 6 6 5 5 4 3 4 4 5 4 4 x 4 3 3 5 5 5 3 3 6 4 4 6 4 7 6 5 3 5 3 2 3 3 5 5 3 6 5 8 3 5 x 4 7 3 4 4 6 7 3 2 3 4 6 2 6 x 4 5 3 7 3 3 3 5 3 5 3 1 6 4 5 7 3 2 2 4 3 3 3 5 3 2 3 4 4 5 5 5 4 8 4 4 9 5 5 5 4 4 4 5 4 2 5 5 3 5 x x 5 4 5 4 2 3 3 3 6 5 2 5 4 6 2 4 5 5 5 8 5 4 6 4 7 3 
5 6 5 5 5 x x 7 5 3 6 5 7 5 6 7 x 5 7 7 7 5 x 5 5 6 6 4 4 x 6 7 6 6 x 7 8 4 5 2 6 8 6 6 x x 5 x 5 x x 6 4 x 6 6 6 4 8 4 4 8 6 x 7 5 7 6 3 3 5 6 5 7 5 5 6 4 4 6 6 x 6 6 6 5 6 3 5 7 6 6 4 4 4 3 6 3 5 4 6 7 4 9 7 6 6 6 9 7 6 4 5 8 4 5 4 2 7 5 5 6 3 2 4 4 6 2 4 5 5 6 4 5 6 6 4 8 x 6 5 5 6 7 4 5 6 3 4 5 4 6 x 7 3 9 8 5 8 7 6 6 5 3 5 5 5 4 6 7 x 5 6 6 2 6 6 5 4 4 4 2 7 6 6 4 5 6 5 5 6 6 6 9 5 5 5 6 9 4 
7 7 5 8 x x 6 7 6 9 9 7 5 5 7 6 6 6 6 7 9 x 7 4 6 3 5 8 5 7 6 2 9 x 9 x 4 x 7 7 7 7 3 6 4 x 5 5 6 4 x 3 5 5 7 7 7 5 9 6 8 3 5 7 x 6 2 x 6 7 6 8 5 5 x 5 6 7 7 8 4 5 7 4 6 4 8 6 6 8 6 9 6 6 7 6 7 6 x 6 x x 6 11 x x 6 4 5 7 x 5 6 11 x x x 8 x 5 6 9 6 7 6 x 7 7 5 x 6 5 x 5 10 x 6 x x 4 6 5 x 7 x 4 x x 5 9 x x 4 8 8 10 x 7 9 4 x x 7 8 5 6 8 7 7 7 6 x 4 x x 3 x 5 x 6 x x 5 6 5 x x x x 7 6 7 8 6 x 7 7 9 x 6 
4 4 3 4 5 x 1 4 4 5 4 2 4 5 2 x 3 2 5 2 x x 8 5 2 x 4 6 4 2 6 4 6 2 x 4 6 x 4 5 5 7 3 4 x 5 5 6 6 7 3 5 3 x 4 x 5 5 x 2 6 5 1 5 5 7 x 5 5 4 5 4 3 5 3 5 3 4 2 6 3 6 2 3 6 5 3 x 2 x 6 4 x 6 x x 2 x 5 x x x 4 8 2 5 3 x 6 2 4 3 4 6 3 3 x 4 x 3 5 x 5 x 2 8 2 4 4 4 2 4 2 x x 3 3 6 3 3 1 5 3 x 2 4 x 3 4 5 4 4 4 4 5 8 x 5 x x 4 4 4 x 5 6 x 3 4 4 3 x x 1 5 3 3 2 3 3 4 x 4 4 x x x x 1 4 5 x x x 5 5 5 5 6 3 
7 6 4 4 4 3 6 6 6 4 6 x 6 6 5 6 6 4 6 6 8 5 7 x 4 5 5 5 x 4 6 7 6 x 8 x 7 3 4 1 5 7 x 7 6 5 x 4 6 8 3 7 6 6 7 x 8 5 8 5 x 7 5 1 6 5 6 5 x 2 5 7 6 6 5 4 6 4 5 7 5 4 7 5 6 6 7 4 4 6 5 7 5 4 5 4 7 3 6 6 5 8 5 x 7 5 7 5 8 6 7 5 4 9 3 5 4 3 8 4 6 7 4 3 5 6 7 3 4 6 4 6 4 4 8 5 5 8 3 5 6 5 5 6 5 4 x 4 4 5 6 6 4 6 2 8 7 6 8 6 6 6 4 2 6 7 6 3 6 6 3 6 7 5 3 5 5 4 3 3 4 3 6 4 5 5 5 7 6 x 6 6 6 9 4 6 4 5 8 3 
6 6 6 6 3 5 5 6 x 6 2 x 8 4 7 x 7 6 6 x x x 8 4 6 7 5 5 5 6 4 8 9 6 10 6 10 7 6 6 6 x 7 6 4 4 3 5 4 9 x 8 5 5 6 6 7 5 9 6 7 x 5 6 3 6 8 8 6 5 7 x 5 5 7 3 7 5 6 x 7 5 6 6 4 x 8 6 x 5 x 2 7 x 6 5 6 6 5 5 7 x 5 10 x 8 5 x 10 6 x 6 5 4 x 6 x x x 6 6 6 6 8 6 7 x 6 5 5 6 7 6 6 9 x 5 6 5 6 5 4 7 6 6 6 7 x 5 7 x x 6 7 5 11 7 7 6 8 6 6 6 5 4 x 7 x 6 x 5 5 6 5 7 7 8 6 5 5 5 x 7 3 5 5 3 x 5 6 5 7 7 x x 8 9 7 10 6 
x 5 5 6 4 x 6 7 5 x 7 7 5 3 7 7 6 6 5 7 7 6 5 3 6 7 4 6 4 x 5 7 x 5 6 7 x 8 4 5 x 7 7 5 3 x x 2 5 10 6 6 4 4 x 5 6 4 x 6 5 6 7 5 6 3 7 8 5 4 5 7 4 6 6 4 6 6 6 3 4 2 8 5 5 3 7 3 6 6 5 7 7 2 6 5 6 5 6 4 6 5 4 6 6 8 4 4 10 5 6 x 6 x 6 5 4 4 x 5 5 7 5 4 5 4 5 4 4 4 6 6 5 5 8 7 4 10 6 5 6 3 6 5 5 6 6 5 4 4 x 7 6 6 4 8 6 6 8 5 5 5 7 4 3 7 7 5 5 7 5 4 5 7 4 7 4 5 5 5 4 4 5 4 6 6 8 5 6 7 4 6 6 8 4 7 9 7 8 6 
5 6 4 7 5 6 5 6 x 8 8 5 4 x 5 7 x x 8 x x 5 x 6 5 2 x 6 5 6 6 1 8 5 11 x 3 4 7 6 6 x 2 5 6 6 6 7 6 5 5 2 7 4 6 5 6 7 10 5 7 2 x 6 8 7 1 8 6 7 x x x x 5 5 x x 6 6 x 7 6 x 6 6 7 x x x 4 8 5 7 6 5 6 5 x 7 5 x 4 9 6 8 x 5 x 5 6 x 5 x 5 3 6 7 x x 5 8 5 6 5 6 5 6 x x 5 4 x 4 9 x x x x 3 5 6 3 5 4 3 3 5 6 7 x x x 7 7 9 3 8 8 x 6 6 6 7 x 5 x 6 6 7 5 x x 4 6 2 x x 6 5 x x 4 5 4 6 7 3 x 6 x x x 7 5 6 8 8 9 5 
6 7 4 4 6 3 6 7 6 5 x 6 6 6 5 6 6 x x 6 8 6 x 6 4 7 7 6 5 4 7 8 6 6 11 x 10 x 4 5 7 x x 6 6 x x x 7 x 3 7 x 6 7 x 8 x 10 5 6 x 5 5 8 8 8 5 x 4 5 x x x x 6 6 4 4 6 5 7 6 x 7 6 8 x 4 8 7 7 5 7 4 x x 3 x 6 x 8 x x 7 7 7 5 x 7 x x 6 9 x 5 4 4 7 4 6 7 6 x 5 9 7 4 x x 4 6 4 4 x 5 6 8 x x 6 6 5 6 x 5 5 3 x 5 6 x 6 x 4 8 7 x x 6 x x x 4 6 7 5 3 x 7 3 6 x x 6 x 5 x 3 3 4 x 6 5 5 6 x x x x 7 x 7 10 5 6 x 5 x 3 
3 5 3 5 4 4 5 5 3 x 6 5 5 3 3 x 4 4 5 5 6 4 7 x x 5 4 4 4 4 5 6 6 x 9 6 8 x 5 4 7 6 5 3 3 3 4 x 5 8 4 4 4 2 5 x 4 4 8 4 3 6 5 x 6 5 6 x 1 x 5 7 2 4 4 4 4 4 4 5 6 4 6 3 5 3 5 5 4 6 5 6 2 4 4 3 4 3 6 4 x x 2 7 4 6 4 6 8 5 7 x 6 8 x x 4 2 5 4 x 7 1 x 4 6 5 2 4 2 4 4 4 3 6 3 4 x 4 3 5 3 4 6 4 6 4 4 4 5 3 5 6 6 4 8 6 6 6 4 5 5 5 5 3 x 5 3 5 7 4 x 3 5 4 5 6 4 3 4 4 2 5 x 5 4 5 3 5 5 4 6 4 8 4 3 5 6 6 4 
6 5 3 3 3 2 x 6 6 x 6 5 5 4 5 x 5 3 6 x 8 4 6 4 3 6 x 6 3 x 4 x 5 6 x 6 8 4 3 2 6 7 x 6 4 4 3 3 x 7 x 6 5 5 6 6 7 5 7 3 3 7 4 2 5 4 7 4 x 1 4 x 5 5 4 3 5 3 3 6 x 3 5 4 4 4 6 4 3 5 4 6 4 3 x 2 5 2 5 5 4 x 5 8 5 6 5 4 6 6 6 6 5 8 3 4 3 4 6 x 6 6 4 4 4 5 6 4 3 5 3 5 4 3 7 4 5 7 2 4 4 4 4 6 x 5 4 2 3 4 5 5 5 x 1 7 5 5 9 5 6 6 3 1 4 6 4 2 6 5 2 5 5 4 x 6 4 3 3 2 x 4 5 3 4 5 5 6 5 x 5 x 5 7 3 5 5 x 7 2 
x x 5 4 5 3 5 6 x x 6 5 6 3 6 6 x 4 5 5 8 5 7 x 4 x 4 5 2 x 6 7 7 5 8 6 9 5 4 x x 7 5 5 3 3 x x 6 8 x 6 4 4 5 5 5 4 8 4 5 6 5 5 7 5 x 5 5 4 3 6 4 5 6 5 6 4 4 6 4 4 6 5 6 3 7 5 4 4 6 6 6 4 4 3 x 3 5 4 6 5 4 9 4 6 4 4 8 5 6 5 6 9 4 5 2 4 7 5 5 6 5 6 3 6 5 4 x 4 4 6 3 5 9 5 4 8 3 5 5 3 5 5 x 4 5 3 3 5 x 5 4 x 4 8 7 6 8 6 6 6 4 4 3 4 5 x 6 6 3 4 5 4 x 5 4 4 3 3 2 4 6 4 4 5 5 5 5 4 4 2 6 9 5 7 7 5 8 3 
6 6 4 5 4 5 3 4 x x 7 4 5 5 4 x 5 x 6 5 9 4 7 4 5 6 5 x 5 4 5 7 7 x 10 4 9 6 5 6 6 x 6 6 4 5 4 x 5 x 4 7 6 6 7 2 8 x 10 4 6 8 4 7 x 7 x x 7 x 6 1 6 6 x 4 6 4 4 7 6 6 4 4 5 4 3 6 x x 5 7 5 6 4 4 4 4 x 5 5 7 6 10 4 6 3 6 7 x 1 x 5 x 4 4 6 5 8 4 6 4 6 x 4 7 2 5 6 5 3 7 5 x 7 4 5 8 4 4 x 4 4 2 5 5 4 4 6 6 x x 5 3 6 10 6 6 7 5 6 x 5 6 4 7 2 5 6 6 5 5 6 4 8 6 6 5 x x 5 5 5 x x 8 x 6 3 5 5 8 6 9 4 6 6 3 8 x 
x 4 4 4 3 4 3 6 x 4 6 x 4 x 3 6 5 4 4 5 x x 6 2 4 5 3 5 3 x 4 x 6 4 7 6 6 5 4 6 6 4 5 2 x x 3 3 x 7 3 3 3 1 x 4 3 3 7 5 5 5 3 6 5 4 x x 2 5 4 6 1 5 3 x 5 x 4 3 5 3 4 x 4 2 4 x 5 5 x 6 3 3 x x 4 x x x 3 4 1 6 4 x 3 x 8 4 5 2 x 8 5 x 3 3 x x 2 6 2 x 4 5 x x 3 1 x x x x 7 3 x 8 3 4 3 2 x 5 x 5 3 3 3 4 2 x 5 5 x 6 5 5 x 4 x x x 5 x 6 x x 4 x x 1 x 4 x 4 x 4 4 3 3 3 4 3 4 x 5 x 3 4 3 x 3 x 3 4 x x 5 3 
6 x 3 5 3 5 5 6 x x 6 6 x 4 4 7 5 3 6 4 8 4 8 4 6 5 5 3 5 6 4 4 8 4 9 6 6 7 6 6 6 7 5 6 4 x 3 x 4 x x 5 5 5 6 4 7 5 x 4 7 5 5 6 5 6 x x 4 5 5 6 5 3 4 3 5 5 x 4 7 x 6 2 4 x 5 6 x x 4 6 x x 6 4 6 5 5 5 4 6 5 x 6 8 5 7 7 4 6 3 5 8 x x 5 6 8 x x 6 4 x 6 7 4 6 x x 3 x x x 9 4 5 10 4 x 5 x 2 x 5 6 2 4 5 5 3 8 6 5 5 9 6 x 9 5 6 6 5 x 4 x 7 4 6 8 4 5 x 4 7 5 7 6 5 4 5 5 5 x 4 3 7 6 5 x 5 4 x 7 3 6 x 6 9 5 
4 x 5 4 5 x 3 x 4 5 6 x 2 4 3 6 4 2 6 4 6 1 8 x x 5 5 6 5 4 5 5 6 4 9 7 7 4 5 5 5 x x x 4 x 5 x 5 7 4 x 5 3 6 x 5 5 9 4 5 x 3 5 7 6 5 x 4 4 6 x 3 4 1 5 5 4 4 5 3 5 x 3 5 4 6 6 2 5 6 6 5 5 x x x 3 5 5 3 6 3 8 4 6 5 3 6 x 4 2 4 8 3 3 x 5 6 4 4 6 4 7 4 7 5 4 4 3 2 6 4 5 7 1 5 8 3 3 3 5 3 5 4 3 3 x 4 x 2 6 3 4 x 8 3 5 x 2 6 6 4 4 5 5 5 3 6 x 3 3 4 x 6 5 3 4 3 3 4 x x 6 3 x 5 4 3 4 5 x 5 9 5 5 3 5 8 4 
4 x 4 5 1 3 5 4 4 6 4 6 6 2 5 6 5 4 4 6 6 x 6 x 3 5 3 5 3 x 2 6 x x 7 4 8 5 4 x x 7 5 4 x 2 1 3 x 7 x 6 3 x 4 x 5 3 7 x 5 5 5 4 3 4 5 6 4 3 5 4 x 3 5 1 x x 4 6 5 3 6 4 2 2 6 4 4 x 2 x 5 x 4 4 x 3 3 3 5 x x 8 6 6 3 5 8 5 4 4 3 6 3 4 3 5 6 4 4 4 4 6 x 5 4 4 3 3 4 5 4 4 9 x 3 x 3 4 x 2 5 4 4 4 5 3 3 x x 6 4 5 x 9 7 5 6 6 4 4 4 3 2 4 5 3 4 6 3 3 x x x 5 5 4 x 3 3 x x 1 x 5 5 4 5 4 3 x 5 5 1 6 7 6 7 x 
6 6 3 5 5 x 3 6 6 x 7 4 5 4 x 8 1 4 6 4 8 5 8 4 4 5 5 7 5 4 4 6 7 x 9 6 8 x 6 6 4 7 5 x 4 4 x 5 x x 4 7 5 5 6 4 7 3 9 4 6 6 3 6 7 6 x 6 4 5 6 6 5 5 5 x 1 x 4 6 5 5 4 4 4 x x 6 4 5 7 7 5 5 4 4 x 4 6 3 x x 5 x 4 x 5 6 8 x x 3 3 9 4 4 6 6 7 3 6 x x x 4 8 4 6 6 x 5 x 4 3 x 5 x 8 4 4 3 4 x 4 x 5 x x 6 x x 7 5 5 5 x 6 5 9 x 6 6 5 5 4 6 5 4 6 6 4 x 6 3 7 x 6 4 5 4 6 6 5 x 3 x x 6 3 5 5 8 7 9 5 5 5 x x x 
4 4 2 3 3 2 4 4 6 4 4 5 4 4 x 4 4 3 x 5 x 4 8 4 3 5 5 5 3 x 4 5 5 5 9 4 7 4 3 4 4 7 5 4 4 4 3 5 4 5 2 5 5 4 4 4 5 5 x 3 4 7 4 4 5 6 x 4 4 3 4 4 x 5 4 x x 1 3 4 3 5 x x 4 4 6 6 3 5 x 4 x x 3 2 5 2 x 5 3 x 5 8 x 5 5 x 7 4 5 x 5 x 1 4 3 2 x 2 6 4 4 4 2 x 4 3 3 5 2 x 2 x x x 5 6 2 4 x 4 x 4 3 3 x 2 x x x 3 3 x 3 6 5 x 8 4 4 4 3 3 4 6 3 x 4 x 2 5 x 3 x x 3 2 1 3 3 2 x x x 5 3 x 3 2 5 x x x 3 4 5 4 7 3 
5 5 3 x 5 x 2 6 5 4 5 3 5 4 3 5 4 x 6 3 7 4 9 4 3 x 5 5 3 x x 6 5 x 10 x 8 4 3 5 5 7 5 5 4 4 4 5 5 x 2 7 4 4 x 4 6 5 10 3 4 7 2 5 6 6 6 4 4 3 4 4 4 x 4 4 4 3 1 6 4 x x 4 5 4 5 6 3 7 x x 4 x 1 2 x 2 x 6 3 6 4 x 3 5 5 4 x 3 x 5 x 7 3 4 3 3 x 3 6 x 5 6 3 7 3 x 3 4 x 6 3 3 6 4 4 7 2 x 2 x 4 3 3 5 x x 3 4 5 5 4 5 3 x x 5 8 5 5 5 3 3 x x x 2 x 5 x 4 5 x x x 4 x x 2 x 3 x 4 x 5 x 5 x 3 6 5 x 8 4 5 7 4 x 2 
4 x 6 5 x 4 5 8 3 7 7 x 7 4 5 8 7 5 6 7 x 6 7 4 6 6 5 6 x 5 5 7 7 x 8 8 9 8 5 6 8 6 x 4 4 4 x x 5 9 5 5 5 3 x 6 5 6 8 5 6 8 6 7 x 3 6 6 5 6 6 7 3 4 5 6 6 4 6 3 x x 6 6 5 x 6 x x 6 x 7 x 4 6 5 5 x 6 x x 6 3 x x 8 5 x 8 6 7 x x 9 4 6 5 x 6 x x 7 x 7 6 7 x x x 3 x 5 x 6 9 x 5 x 5 x 5 x x 7 6 7 5 5 x 2 4 x 7 x 6 x x 6 7 6 x x 6 6 4 5 x x x 8 x 3 4 6 7 x x x 4 5 5 5 6 5 6 x 7 x 5 x x 7 x 9 6 6 8 x 7 5 
7 x 4 4 x 3 3 6 6 6 6 x 2 4 5 x 6 4 6 4 x x 8 x 2 x 5 5 3 4 x 5 6 x x 6 7 5 4 5 x x x 6 4 x 5 x 6 7 x 5 5 5 6 x 7 5 9 5 6 4 3 5 7 4 x 5 6 x 4 6 5 7 3 5 5 3 4 x 1 5 4 5 6 4 5 x x 7 6 x 5 5 4 3 4 3 5 5 5 6 5 10 4 x 5 1 8 4 5 4 6 8 3 6 4 5 8 4 6 6 x x 2 7 4 4 3 5 4 4 2 4 7 3 5 8 3 5 3 4 5 4 2 3 5 3 3 5 4 6 3 6 4 8 x 5 x 2 6 6 4 4 4 5 5 3 6 4 3 5 x 3 7 4 1 2 x 3 3 x 2 5 3 5 5 7 3 4 5 x x 9 4 6 5 6 8 3 
4 4 4 5 3 4 6 6 4 4 6 x 7 2 x 6 5 5 4 7 6 6 4 2 5 x x 5 3 x 4 7 7 4 5 6 9 x 3 5 6 7 x 4 2 x 3 x x 9 5 5 3 3 4 4 5 3 x 5 x 5 6 4 5 2 7 7 4 3 4 6 3 x 5 3 5 5 x x 5 1 7 4 x x 6 x 5 5 4 6 5 1 x x 5 x 5 x 5 x x x x 7 3 x 9 4 5 4 x x 5 4 3 3 6 4 4 6 x 3 x 3 4 3 3 x x 5 x 4 x x 3 x 5 x x 2 x 4 x 5 5 x 3 6 4 6 5 5 x 7 8 5 7 x 4 x 6 3 2 x x 4 x x x 3 4 6 3 6 5 5 x x 3 3 x 3 6 5 7 4 6 x x x x 7 x x 8 x 7 5 
6 5 4 6 x x 2 5 5 6 5 3 5 5 3 7 4 3 6 x 7 x 8 6 3 5 5 6 5 3 7 6 7 3 11 5 8 4 x 7 7 7 5 5 6 6 6 x 7 8 4 7 4 4 5 x 6 6 x 3 6 7 2 7 6 8 6 6 6 5 6 4 4 6 x 6 4 x x 6 4 7 3 4 7 x x x x 6 7 x 4 x 3 4 3 x x 6 3 8 4 9 3 5 5 4 7 3 4 5 6 7 4 4 5 4 x 3 5 5 5 6 3 9 x 5 5 x 3 6 3 3 6 4 4 7 4 4 2 5 4 3 3 x 4 4 5 6 x x 4 4 5 9 x 7 8 5 5 x 5 x 6 x 4 4 x x 4 4 5 x 6 x 4 3 4 4 4 4 5 6 2 6 x 5 2 5 x 6 x 8 x x 6 x 7 5 
x x 2 x 5 x 3 4 4 6 6 4 4 4 3 x 4 x 5 3 x 3 7 3 4 x 4 4 4 x 5 3 6 3 8 4 5 x 4 5 5 6 5 5 3 3 4 4 5 x x 4 4 4 4 3 6 4 8 3 6 4 3 5 6 5 x x 3 4 5 4 x 2 3 4 4 x 4 6 5 4 4 1 5 3 4 5 2 5 6 6 4 5 4 3 4 3 x 5 4 6 3 9 4 6 5 5 6 3 4 2 4 8 x 1 4 5 6 3 4 6 3 7 4 7 3 4 4 3 2 5 4 3 7 3 5 8 3 1 3 4 1 3 4 x 1 3 4 6 2 6 5 4 4 8 5 6 7 x 4 4 4 4 4 3 5 3 4 6 3 3 4 3 7 4 5 4 4 3 x 5 4 5 3 4 5 4 4 4 5 5 5 7 5 4 6 6 7 3 
4 x 5 6 x x 5 5 4 5 5 7 7 x 6 7 4 5 5 x 6 5 8 3 4 6 4 6 4 x 1 6 8 5 x 5 6 4 5 6 x 6 6 5 x 3 2 4 1 8 5 5 4 x x x 6 2 8 6 6 6 6 6 4 5 6 7 5 4 6 5 4 4 5 2 4 4 5 5 6 x 7 5 1 3 x x 5 2 3 x 6 4 6 5 6 4 4 2 x 5 4 9 6 8 x 6 9 x x x 4 7 4 5 4 x 7 5 x 5 5 7 5 6 x 5 4 4 5 6 5 5 9 x 4 10 4 5 5 3 6 5 5 5 6 5 4 7 5 x 5 6 4 8 8 x 8 7 5 5 5 x 3 5 x x 5 7 5 4 4 x 6 x 6 5 4 x x 4 7 2 x x x 5 5 5 4 x 5 6 x 7 5 6 8 4 
3 3 3 5 x 4 5 5 3 5 5 5 x 1 4 5 4 x 3 6 5 x 5 1 x 6 2 6 x 4 3 6 6 3 x 5 8 6 5 x 5 6 5 3 1 1 2 2 3 8 x 4 2 2 3 3 x 2 x 4 5 4 5 6 x 3 6 6 3 4 3 4 2 x 4 2 x 4 4 x 4 x x 3 3 1 5 x 4 4 x x 4 2 4 3 4 4 x 2 4 x 2 7 4 6 x x 7 3 5 3 4 x 4 x 2 4 5 3 3 5 3 4 3 4 3 4 x 2 4 4 3 x 9 5 2 x 4 3 5 1 4 3 3 4 x 4 2 5 3 5 4 4 x 8 6 4 6 5 3 x 5 4 1 x 5 3 3 5 x 2 3 5 4 5 4 4 3 4 2 4 5 2 5 6 6 3 5 4 x 4 4 6 2 5 x 5 6 4 
3 7 5 7 6 x 3 6 5 7 6 4 6 5 4 x x 5 7 4 7 5 x 5 4 6 6 x x 4 7 7 8 2 x 6 9 5 7 7 x 7 6 5 5 5 6 6 7 8 x 6 6 4 7 2 6 6 x 4 6 8 3 7 8 7 7 8 5 6 7 3 4 5 6 6 x 6 5 6 5 6 x 4 x 5 3 7 5 x 7 6 6 6 5 6 4 6 8 6 5 7 4 9 4 7 3 5 9 2 3 5 6 7 6 5 6 6 x 5 5 4 5 7 4 8 2 5 6 4 5 6 4 4 7 5 6 8 5 5 3 5 4 2 4 6 4 6 6 x 6 6 6 3 6 7 5 7 6 6 7 7 7 6 5 6 4 6 7 6 6 4 5 3 8 6 5 4 6 6 x 6 6 x 3 x 5 5 3 7 x 8 4 x 6 7 8 x 8 5 
5 5 5 6 x x 7 7 x x 6 5 8 3 7 7 6 6 5 x 7 7 x 3 5 6 5 6 4 6 5 5 8 5 6 7 7 6 4 4 7 7 x x x x 4 2 5 9 5 6 4 4 x 5 6 4 x 6 3 6 x 4 6 3 x x 5 4 5 6 x 6 6 4 6 6 6 x x x x 5 x x 7 3 6 6 5 6 x 2 x x x 6 6 4 7 5 x x x 8 x 6 10 5 6 5 6 8 6 x 4 4 7 5 5 7 5 2 5 2 5 4 4 4 6 6 5 5 x 7 4 10 6 5 7 3 6 5 5 6 6 6 4 7 x 7 6 6 x 8 7 6 5 x x 5 7 x x 7 7 5 5 7 6 4 5 7 2 7 6 5 x x 4 4 8 4 7 6 8 5 7 7 4 x x 8 x x 7 7 8 6 
6 5 4 3 4 2 2 6 5 x 5 3 3 4 3 5 5 1 6 x x 2 7 4 3 4 5 5 3 3 5 5 5 x 8 6 7 4 3 4 4 x 4 6 4 4 4 x 5 6 2 6 5 x 5 x 7 6 8 4 5 6 2 4 x 6 x 4 4 3 4 x 5 x 2 4 4 3 3 x x 5 x 2 5 4 5 6 1 4 5 5 x 5 3 x 3 2 x x x 6 5 8 x 6 5 4 x 3 3 4 3 7 x 2 x 3 6 x 6 x 4 x 4 x 4 3 x 5 1 5 3 3 x x 5 x x x x 4 2 4 3 x x 2 x 4 3 x 5 3 3 7 x x x 3 5 x 3 x 4 4 4 2 5 5 x x 6 2 5 x 4 x 2 x 3 x x 5 2 5 x 6 2 3 6 x x 8 4 x 4 4 x 2 
5 6 6 6 3 5 5 6 6 6 6 6 6 4 x 8 5 x 6 6 8 x 8 x 6 x 5 x 5 x 2 7 9 6 x 6 5 5 6 7 6 7 7 x 4 4 x 5 2 9 x 6 5 5 6 6 7 3 x 7 7 8 x 6 5 6 x 8 6 5 4 x 5 x 5 x 5 5 7 6 7 5 6 5 2 4 x 6 4 3 4 x 7 x x 6 6 5 5 3 7 x 5 10 6 8 x 7 8 6 x 6 6 8 5 6 x 5 8 x 6 6 x 7 6 7 6 x x 5 4 x 6 6 9 5 5 x 5 x 5 5 x 6 6 6 5 5 5 7 6 8 6 6 5 9 x 5 8 x 6 x 6 5 4 6 7 x 6 8 5 x 6 5 7 7 x 6 5 5 5 x x x 5 7 7 6 5 6 5 3 6 7 3 8 7 x x 5 
5 5 5 6 2 4 6 5 x 7 5 x 7 3 6 7 6 5 5 7 7 6 7 3 4 x 4 6 x 5 3 4 8 5 8 5 x 6 5 5 x x x x x 3 2 x 3 8 4 x 4 4 5 5 6 4 8 6 6 6 6 5 x 5 4 7 5 4 6 5 x 4 6 2 7 x x x 6 4 7 6 3 x 7 5 5 4 3 5 x 4 5 x x 5 x 4 6 x x 9 7 7 4 x 9 5 5 x x 7 4 5 4 6 x x 5 5 5 x 5 6 5 x 4 x 5 x 5 5 10 6 4 x 4 5 6 x 6 5 5 4 6 4 x x 6 x x x 4 x 6 6 8 7 5 x 5 4 3 5 6 4 5 7 4 4 5 x 6 x 6 5 4 x x 6 x x 6 x x x 6 5 4 x 6 6 2 x x 7 x x 
6 7 5 5 4 5 4 7 x 5 1 5 7 5 6 8 6 5 6 5 9 6 9 5 5 7 4 4 5 5 x 8 7 5 9 7 10 x 6 6 x 8 6 7 5 x x 6 5 8 x x 6 6 7 5 8 x x 5 6 9 4 7 2 7 8 7 6 6 6 7 6 6 6 x 7 4 x 7 x 6 x 6 x x 6 6 5 x 5 1 6 6 x x 5 4 6 6 6 7 6 11 5 7 6 x 9 5 x 7 5 3 4 7 5 x x 5 7 7 7 7 5 7 5 5 5 6 x 8 5 x x 6 5 5 4 7 4 5 6 5 6 7 6 4 x 6 7 6 7 6 6 9 6 6 x 7 7 7 5 6 5 x 6 x 7 x x 6 7 4 8 6 6 5 4 4 5 x 7 3 4 x 2 7 4 x x 8 x 7 3 7 8 7 9 4 
4 6 2 4 5 x 3 4 4 4 6 4 6 4 3 x 4 5 6 5 6 5 8 4 3 6 5 5 5 x 6 5 6 4 9 4 7 6 5 5 x 6 6 4 4 x x 5 6 6 3 5 5 3 6 4 5 5 9 3 4 6 x 5 7 7 5 5 2 4 6 5 3 x 5 5 5 x 4 x 5 5 4 4 6 4 6 x x 7 x 6 3 5 4 3 4 3 x x x 6 x x 4 7 x 5 x x 5 3 x 8 3 x x 3 x 2 x 6 x x x 7 4 x 5 3 5 x x x 7 4 x 8 3 4 3 x x 5 3 5 3 3 4 6 4 6 x x 4 x x 6 x 5 6 6 4 x x x 5 3 6 5 3 x x x 5 6 x 3 4 3 5 3 6 5 4 5 5 4 x 4 x x 5 9 5 2 x 6 7 x 
4 x 4 5 x 4 6 6 4 4 6 x 7 2 5 6 5 5 4 7 6 6 4 x 5 6 x 5 3 5 4 7 7 4 5 6 9 6 3 4 x 6 6 4 x 2 3 1 4 9 5 5 3 x 4 x 5 3 5 5 4 6 6 4 x 2 7 7 4 3 4 6 3 x 5 x 5 x x 4 5 1 x 5 4 2 6 2 5 x 4 6 5 1 5 x x 5 x 3 x 4 3 x 5 7 4 x 9 4 5 4 x 8 5 4 3 3 x x 4 6 4 3 x 3 4 3 x 3 5 5 4 4 7 6 3 9 x 4 6 2 5 x x 5 5 5 x x 4 6 5 x 3 7 8 5 x x x 4 x 3 x x x 4 4 6 5 3 x x 3 6 x x x 5 3 3 7 3 6 5 7 x x 6 3 5 x 7 3 6 8 x 7 5 
6 5 4 3 4 x 2 6 5 4 5 3 5 4 3 x 4 3 6 3 7 x 9 4 3 5 5 5 3 1 5 6 5 3 x 6 8 x 3 x 5 x 5 5 4 x x 5 5 6 x 7 4 4 5 4 6 5 x 3 4 7 x 5 6 6 6 4 4 x 4 4 x 6 x 4 4 3 1 6 4 x 3 4 6 4 5 x 3 x 5 x 4 5 1 x 3 2 4 6 3 6 4 9 3 5 5 4 7 3 4 5 6 7 3 4 3 3 7 3 6 5 5 6 x 7 3 3 3 4 3 x 3 3 6 4 4 7 2 x 2 5 4 3 3 5 4 2 3 4 5 5 4 5 3 7 4 5 8 5 5 5 3 3 x 7 2 2 5 5 2 4 5 2 6 5 4 3 2 2 x 3 x 4 2 5 4 5 2 3 6 5 5 8 4 6 x 4 7 2 
5 4 2 2 3 1 3 4 4 3 4 4 4 3 3 x 4 2 5 4 6 3 8 x 2 4 4 4 x 2 5 5 4 5 x 4 7 4 2 4 x 7 4 4 3 3 4 x x x x 6 5 3 4 5 5 4 x 2 3 6 x 4 5 5 5 x 3 2 3 4 x 4 x 4 4 2 2 5 3 x 4 3 5 3 6 x x 6 x x 3 x x 1 4 1 3 5 3 5 x 8 4 6 5 3 6 4 4 4 4 6 2 3 2 2 6 2 4 4 4 5 3 7 x 2 2 4 x 5 3 2 7 3 5 6 1 3 3 4 3 4 2 3 3 1 2 3 4 4 3 4 2 6 5 x 8 4 4 4 2 2 4 x 3 1 4 4 1 4 5 3 5 4 3 2 2 1 2 2 4 3 x 4 3 4 4 2 5 4 4 7 3 4 6 3 6 1 
4 3 4 5 5 4 2 6 x x 5 x x 4 3 8 4 3 4 3 7 4 9 x 3 x 5 8 x 3 7 6 7 3 x 6 8 x 6 7 6 7 x 5 x 4 6 5 7 9 x 5 4 x 3 3 6 5 x 3 6 7 2 7 6 6 6 x 4 5 x 4 4 6 x x x 5 x 5 4 5 3 4 6 4 4 x 3 6 x 5 4 x 3 4 1 4 7 5 3 6 4 x 1 5 3 4 7 3 4 5 6 7 x x 3 6 x 3 4 5 5 6 3 7 3 5 3 x 3 6 3 3 6 4 4 7 4 x x 5 4 3 3 5 4 x 3 6 x 6 4 4 5 9 4 7 8 5 3 3 5 5 4 6 4 4 3 5 4 3 x 2 6 5 4 3 4 4 3 5 5 6 2 7 4 4 2 x 4 5 5 6 5 6 6 6 7 5 
4 x 2 2 4 1 x 4 4 x 4 4 x x 3 x 4 x 6 5 x 4 8 4 2 4 x 4 3 2 4 5 x 4 9 4 7 x 2 3 5 x 4 4 4 4 3 5 4 5 1 6 4 x 4 x 5 5 8 3 3 6 x 3 6 5 5 3 3 2 3 4 x 5 3 3 4 2 2 x 3 x x 3 4 4 6 6 2 5 5 4 3 5 2 1 4 1 x x 3 x 3 8 x 5 5 x x x x 4 x 6 2 x x x x 2 4 4 4 5 x 7 x 2 2 3 2 5 x 2 x x 4 6 x 3 x 4 x 4 2 3 3 x 2 3 x x x x 2 6 5 x x 4 4 4 2 2 4 5 3 1 4 4 x 3 4 x 5 x 3 2 2 x x 2 4 x 3 x x 4 4 2 5 x x 7 3 4 x x 6 1 
6 5 4 x 3 3 x 6 6 x 6 x x 4 5 6 7 4 6 6 8 5 x 4 x x 5 7 5 x 4 5 x x x 6 7 7 4 6 x 8 4 6 4 x x x 4 7 3 6 5 5 6 6 7 5 9 5 5 x 5 6 5 6 x x 6 5 5 x x 5 5 3 6 x x 6 5 5 x x 4 x 8 6 x 5 x 6 x x 4 3 7 x 3 5 5 x 5 x 7 x 5 x x 7 6 6 x 8 3 6 5 x x 4 x x 6 7 x 7 x 4 x x x x 4 4 9 5 x x x 6 x 4 x x 4 5 5 x x 5 7 6 x x x x x x x 6 5 5 x x 4 x x 3 x 7 x 5 x 5 x 4 x 4 x 3 x 4 6 3 x 7 5 6 6 x 6 x x 8 3 6 8 x 8 x 
x 4 4 6 3 4 5 6 4 x 6 6 5 x 5 6 3 x 4 7 6 4 6 x 5 6 x 5 3 5 2 7 7 4 7 6 7 5 6 5 6 6 x x 2 2 3 x 2 x 5 5 3 x 4 4 5 1 7 5 4 6 x 6 5 4 7 6 4 5 4 5 x 5 5 3 3 5 6 x 5 x 6 5 2 2 6 4 x 3 4 6 x 3 6 5 5 x 5 1 5 4 x 8 5 7 3 5 8 4 x 4 x 8 5 4 3 x x x x 6 x 5 4 5 x 3 3 x 5 x 4 4 7 x 3 9 5 x x 2 5 x 4 x x x x 6 3 6 x 5 5 9 6 5 x 5 4 x x 5 x 6 x 4 x 6 x 3 4 x 5 6 5 x 4 5 x x 5 x x 5 x 4 x 6 3 x x 7 3 x 6 x x x 
4 5 2 4 5 3 2 4 5 6 6 x 4 4 1 6 2 3 6 x 7 4 8 4 3 5 3 7 5 3 x x 6 3 9 4 7 x 5 5 5 6 x x 4 x 5 5 6 7 3 5 5 3 6 3 x 5 9 3 6 x x 5 7 6 5 x x 4 6 5 3 4 3 5 x 3 3 x 5 5 3 4 x 4 5 7 x 7 6 6 x x 3 3 3 3 5 5 1 6 x 7 x x x 5 7 3 5 2 x 7 3 3 5 x 6 x 4 6 4 7 x x x 5 x x 3 x 3 x x 4 x 7 3 3 x x 3 3 x 5 3 3 5 x x x x x 4 x x 6 x x x x 4 x x x x x x 5 3 x 4 2 7 4 x 4 x 3 5 x x x x 7 4 x 2 x x 7 x 8 5 4 4 6 7 3 
x x 5 7 4 6 7 7 5 7 7 7 7 3 6 7 4 6 5 8 7 6 7 3 6 5 x 8 x 6 5 x 8 5 8 7 6 5 7 8 x 7 5 5 3 3 4 4 5 6 5 6 4 4 5 5 6 4 8 6 7 x x 8 x 5 x 8 x x 5 7 4 6 6 x x x 6 6 6 x 8 6 5 x 7 5 6 x x 7 6 4 6 5 6 x x 4 6 5 4 9 6 8 x 6 x 5 6 5 6 9 6 5 4 6 7 x x 7 5 6 5 6 5 6 4 4 x 6 5 5 x x 4 10 6 5 7 3 6 5 5 4 6 6 4 7 5 x 4 6 6 10 6 6 8 7 5 5 7 6 3 x 7 5 5 7 6 4 5 x 6 5 6 x x 6 x 6 7 x 7 8 7 5 x x 4 6 6 x x 7 9 8 x 6 
2 4 4 4 3 4 3 x 2 4 6 4 4 2 3 6 x x 4 5 4 3 x 2 4 4 3 5 3 x 4 4 6 4 x 7 6 5 5 6 6 x 4 2 2 2 3 3 4 7 x x 3 1 4 5 3 3 7 5 4 6 4 5 5 4 4 x 2 5 4 6 1 5 3 x 5 5 4 3 5 x 4 3 4 2 4 x 5 5 x 6 x 3 4 x 4 3 5 x x 4 1 6 4 5 3 5 8 4 5 2 5 8 5 4 3 3 4 4 2 6 2 5 4 5 5 3 3 1 5 3 4 4 7 3 3 8 3 4 3 2 3 4 4 5 3 3 3 4 2 6 5 5 5 6 5 6 5 x 4 4 x x 2 6 5 3 4 6 3 1 2 4 5 4 5 4 4 3 x 3 4 3 4 5 5 2 3 4 3 5 3 x 3 x 6 6 5 3 
x 8 9 8 8 7 8 11 6 10 11 9 10 x 7 x 6 8 9 9 9 8 x 7 x 10 x 9 x x x 10 10 x 11 11 12 x 8 10 x 9 10 7 7 7 8 7 9 12 7 8 8 6 x 9 8 8 x 8 9 11 8 x 10 6 9 x 7 8 9 10 6 x 8 8 x 8 x x 10 x 9 9 9 7 9 x 8 10 9 11 x x 9 8 x 8 x 8 7 9 6 7 10 x 8 10 11 9 x 7 8 x 8 9 8 8 9 9 6 11 x 10 8 10 x x 8 x x x x x 12 x 8 13 7 9 x x x 10 8 10 9 x 8 5 7 9 10 x 8 12 10 10 10 9 x x x 8 7 9 x 7 8 10 7 6 7 8 10 9 10 x 7 7 8 8 10 x x x 10 7 x x 8 10 8 x 8 9 x x 10 x 
5 3 4 5 5 4 2 6 x 6 5 4 x 4 3 7 x 3 4 3 x x 9 x x 5 5 8 3 3 7 6 7 x x 6 8 4 5 6 7 7 5 x x 4 6 5 x x 4 x 4 4 x 3 x 5 10 3 7 x 2 7 x 6 6 7 4 5 4 4 4 6 4 6 4 x 3 x 4 x 3 4 6 4 4 x x 6 7 5 4 5 3 4 1 x 7 5 x 6 4 10 1 5 3 x 7 3 4 5 6 7 5 4 3 x 7 x 4 5 5 6 3 7 3 x 3 4 3 6 3 3 6 4 4 7 x 4 2 5 4 3 3 5 x 4 3 6 5 6 4 4 5 9 4 7 8 5 3 3 x 5 4 6 4 4 3 5 4 4 5 2 6 5 4 3 4 4 3 5 x 6 2 7 4 5 2 5 4 5 6 6 5 6 x 6 x x 
6 7 6 6 6 5 4 8 6 8 7 5 6 6 5 8 x 6 8 5 9 6 10 6 4 7 7 8 5 x 7 x 9 x x x x 7 6 5 9 x 7 7 6 6 6 7 7 x x 7 6 6 x 6 8 7 x 5 6 x 5 5 8 8 8 7 6 6 6 6 x 8 6 6 x 5 5 8 x 7 5 6 8 6 7 8 6 8 7 7 7 7 5 6 5 5 x 7 x 8 5 x 5 7 x x 10 5 6 7 x 9 x 6 5 6 9 6 6 7 x 7 x 9 5 7 5 6 6 6 4 5 8 x 6 9 x 7 4 7 6 x 4 5 6 6 5 8 7 8 5 6 6 10 7 7 10 6 7 7 7 x 6 9 6 x x 6 x 6 x 5 8 7 5 x 6 5 5 x 6 6 5 x 6 7 4 7 8 8 x x 6 x x 7 9 5 
5 5 4 6 3 x 4 6 4 6 6 4 7 2 5 6 x x 4 5 6 x 6 2 x x 3 7 3 5 4 7 x 2 x 6 9 5 6 7 7 6 6 4 2 2 3 3 4 x 5 5 3 3 5 2 x x 7 x 6 6 3 7 5 4 x 7 4 5 4 3 3 5 5 3 5 5 5 5 5 3 5 5 x x 3 x 5 x 4 6 x 4 5 5 3 5 5 3 x x 3 8 3 x 3 5 8 2 3 4 6 8 5 4 3 5 6 x 4 4 4 5 4 5 2 6 3 3 5 5 4 4 8 6 x 9 5 4 x 2 5 2 4 6 x 5 3 6 4 4 x 3 5 9 5 5 8 6 5 5 x 5 2 6 4 4 5 7 5 x x 3 5 6 x 5 4 x x 5 6 3 3 x 6 4 4 5 3 5 x 8 3 6 8 6 7 x 
6 6 4 x x x x 6 6 6 x 4 2 4 5 x 6 4 6 4 x x 8 x 2 4 5 5 x x 6 5 6 4 9 6 7 5 4 5 7 6 4 6 4 4 5 5 6 x x 6 5 5 6 4 7 5 9 4 6 4 x 5 x 4 5 5 6 4 4 6 x 7 3 5 6 x 4 x 1 x 4 5 6 x 5 6 4 7 x x 5 x 4 3 4 x x 5 5 6 5 10 x x 5 1 x 4 x x 6 x 3 x 4 4 8 4 x 6 6 x x 7 4 4 4 5 4 4 2 4 x x 5 x 3 5 3 4 x 4 2 x 5 x 3 5 4 x 3 6 4 8 3 5 x 2 6 x 4 4 x x x 3 6 4 3 5 x 3 7 4 1 2 x 3 x x 2 5 3 5 5 6 3 4 x 5 x 9 5 x 5 x 9 3 
8 7 6 6 8 6 7 8 x 8 9 7 7 7 8 9 8 5 7 7 11 6 11 7 7 8 8 9 7 x x 6 9 7 12 8 8 x 7 8 8 11 8 9 7 7 x 9 9 x x 7 7 x 7 8 10 8 12 7 9 5 6 8 10 10 x x 8 6 8 7 8 7 6 8 8 7 x 8 8 9 7 6 9 7 9 10 x 8 9 9 x 9 7 6 7 x x 8 7 x 8 11 7 10 8 x 3 7 x 8 7 11 7 6 x 7 10 6 x x 8 10 6 11 8 7 x 7 5 9 7 6 11 x x 10 x x x 7 x x x 7 6 x x x 7 4 x 7 x 11 8 8 x 7 x 7 7 6 7 8 x 6 7 9 x x x 6 9 x 8 7 6 x 7 7 x 7 6 x 7 8 x 6 9 7 x 4 7 6 x 8 x 5 
5 5 4 6 5 4 2 5 x x x 3 5 3 3 7 4 x 6 x x 4 6 3 3 4 x 6 4 3 5 5 x 1 x 5 7 4 5 6 6 x 4 5 3 x 4 4 5 x 4 5 4 x x 1 6 4 8 3 7 7 2 6 6 5 5 7 5 6 5 x 4 4 x 5 x 4 3 6 4 4 3 3 x 3 2 5 3 6 5 5 x 4 3 4 3 x 7 4 3 5 4 9 3 5 2 4 7 1 x 5 5 6 x 3 4 6 x x x x 5 x x 6 x 5 4 4 x x 3 3 6 x 4 x x 4 2 3 3 x 3 5 x x x x 4 x x x x x 4 x 8 x 5 5 5 x x 5 x 4 x 5 5 x x 2 x x 4 3 4 5 4 5 x x 2 7 x x x 5 x 6 5 8 x 6 6 4 7 5 
6 6 4 5 4 5 3 4 x x 7 4 6 5 4 x 6 3 7 5 8 4 7 x 5 6 x 8 6 3 5 7 7 2 10 x 8 6 6 7 6 9 x 6 5 x 4 5 5 8 x 7 5 5 6 2 7 6 10 4 6 x 4 7 x 6 6 x 7 6 6 1 5 6 4 4 x 5 x 7 5 5 4 4 x 5 3 6 3 x 5 x 5 5 4 4 4 x 6 x 5 6 5 x 4 6 3 x x x 1 5 5 5 5 4 6 5 8 4 6 x 6 7 5 7 2 5 6 6 3 7 5 4 7 4 5 8 4 4 3 4 4 2 5 5 4 4 6 6 5 7 5 3 6 10 6 x x 5 6 6 5 x 4 7 2 5 6 6 5 5 6 4 8 6 6 5 4 5 6 5 5 5 4 8 6 6 3 5 x 8 7 9 4 6 6 x 8 4 
3 x 3 5 4 4 4 5 3 5 7 4 3 3 2 x 3 x 5 4 5 x 7 3 5 5 4 6 4 x 5 x 7 5 x 5 6 5 6 x 6 5 x 3 3 3 4 4 5 8 x 4 4 2 x 4 4 4 8 4 4 5 3 5 6 x x x x 6 5 x 2 3 2 4 3 x 5 x 4 4 5 2 x 3 5 5 4 6 x 7 3 4 5 4 5 4 6 4 2 5 2 7 5 7 4 x 8 5 5 1 5 9 4 x 4 x x 3 x 7 3 5 x 6 5 x 4 2 3 x 4 3 x 2 4 9 4 2 x x 2 x 5 4 2 4 4 5 1 x x x 5 x x x x x 5 5 x 5 3 x 6 4 x 7 x 2 3 x x 5 4 5 5 4 x x 3 x x 5 6 3 x x 4 6 x x x x x x x x 
x 7 5 5 3 x 5 x 6 6 6 x 5 x 4 6 3 3 5 5 x 4 9 4 5 x x 7 5 x 4 5 7 5 10 4 7 x 5 4 2 6 x 6 4 4 3 x x 8 4 x 5 x 7 6 8 5 x 6 5 6 4 4 5 6 5 6 6 5 6 5 x 5 4 3 3 5 x x 6 x 6 4 4 4 6 6 3 6 x 5 x x 6 4 6 x x x x 6 5 8 6 x 6 6 7 5 5 5 3 7 5 4 5 5 8 6 6 7 6 6 4 7 6 5 5 5 3 7 5 5 9 4 5 9 4 x 5 4 4 5 5 3 4 4 5 6 5 7 3 5 5 9 6 3 7 5 7 7 5 5 4 7 6 4 7 7 4 5 6 4 7 4 6 5 4 4 5 5 5 3 4 7 7 6 5 5 5 8 5 8 3 8 6 6 9 4 
6 x 8 7 6 6 6 9 9 7 3 7 9 7 8 9 8 7 8 7 8 x 11 7 7 x 6 6 7 7 7 10 9 7 7 9 12 8 7 8 x 11 8 9 7 7 x 8 x 10 6 9 8 8 10 6 10 8 7 7 8 11 6 9 4 x x 9 8 8 9 x 8 8 8 6 9 x 7 9 8 x 7 8 7 x 7 8 7 8 7 3 8 8 7 6 7 6 8 8 7 9 8 x 7 9 8 x 11 6 5 9 7 5 x 9 8 7 x x x 9 x 9 7 9 x 7 x 7 7 10 x 7 x x x x 6 x 6 8 8 x x x 8 x x x x 9 x 7 x x x 9 x x x 10 7 8 x 7 6 x x x x x x x x x 8 7 6 x x x x 6 6 6 x 8 6 7 x x x 9 x x 10 7 11 6 
4 4 2 4 3 2 3 4 6 x 4 4 4 4 3 4 4 2 6 4 6 3 8 4 2 4 5 5 3 x 4 5 4 4 9 4 7 5 2 x 4 6 4 x 4 4 3 5 4 5 2 5 5 x 4 4 5 5 9 3 4 x 3 3 x 6 5 x x 3 4 4 5 x 3 3 4 1 3 4 3 5 4 x 4 4 6 6 x 5 4 4 3 5 3 2 x 2 3 5 3 6 5 8 5 x 5 3 7 x 5 4 5 x 1 4 x x x x 6 4 4 4 x x x x 3 5 2 5 x x x x 5 6 2 x 3 4 3 4 x 3 3 2 3 3 4 x 3 x 3 6 5 x 8 4 4 x 3 3 x 6 3 x x 4 2 5 4 x 5 x x 2 x x 3 x 4 x x 5 3 x 3 2 5 x 5 x 3 4 5 x 7 3 
5 4 2 4 4 3 3 4 5 x 7 4 4 x 3 6 4 2 x 4 7 3 7 x 4 5 4 4 4 4 5 3 6 3 x 4 5 6 4 6 5 7 x 5 3 x 4 4 5 x x x 4 4 5 3 5 4 x 2 5 x 3 5 6 5 3 5 x 4 5 4 x x 3 4 4 4 4 6 6 4 4 1 5 x 5 x 2 6 5 7 x 4 4 3 x x 6 4 3 5 4 9 4 6 4 x 6 3 4 x 4 9 4 1 x 4 7 2 5 5 3 7 5 6 3 4 4 4 2 6 4 2 7 3 x 8 3 1 3 3 1 3 x 6 1 3 4 6 2 6 6 4 4 8 5 5 x 4 4 4 4 4 3 3 6 3 4 6 3 x 5 x 6 5 5 4 3 3 4 4 4 4 3 4 6 x x 4 4 6 6 7 4 5 x 5 8 3 
x 5 4 3 4 2 4 5 4 4 5 3 5 2 5 5 6 3 4 5 7 4 6 2 x x 3 5 1 3 4 6 5 4 7 6 8 5 3 4 6 6 x 4 2 2 3 3 4 x 2 x 3 x 4 4 5 3 x 3 4 x x 4 x 4 6 4 4 3 2 6 3 5 x 3 6 3 3 5 4 3 5 4 4 2 6 4 x x 4 5 x 3 3 2 3 x 5 3 5 4 3 8 3 5 3 4 x 4 6 4 5 8 x x 1 3 6 x 4 6 x x 2 5 x 3 1 3 x 5 x 4 x x x 7 x x 4 2 x 4 3 3 4 2 1 x x 5 3 x x x 5 x x x x 5 x x x 5 4 x x x x x 4 4 x 5 x 2 2 2 x 3 4 x x x x 4 x x x 3 x x x 5 6 x x 3 
4 5 4 3 5 2 5 6 4 2 6 5 5 4 5 6 6 3 6 5 6 x x x 3 x 5 3 3 3 4 7 6 6 7 6 9 x 3 3 6 6 6 4 4 4 5 x 4 6 2 5 5 x x 5 5 x 7 4 2 8 4 3 x 4 7 4 2 4 4 5 3 6 5 5 6 2 3 x 5 3 4 5 x 4 6 4 3 5 6 x 3 3 3 2 6 x x x x 6 3 8 x 6 5 4 7 6 5 x 5 7 x 4 3 1 6 4 4 5 2 x x 5 x 1 x 3 3 x 3 4 5 4 x x 2 x 5 4 x x x 4 5 x x x 4 5 5 5 x 7 x 4 x x 6 x x 3 4 4 4 x x 5 2 x x 4 x x 5 3 x 2 3 x x x 4 x 5 4 x 3 x 6 5 8 x 4 6 4 x x 
5 7 7 6 6 5 6 x 5 x 9 8 8 5 x 9 8 x 7 8 7 6 9 5 7 x x 8 6 x 7 7 x 7 10 9 9 x 6 7 x 7 7 5 x 5 6 6 7 x 6 6 6 4 x 8 6 6 10 6 7 x x 8 x x x 7 5 6 7 8 x 8 6 6 7 x x 6 8 6 x 6 7 5 x 7 6 8 x x x x 7 6 x x x x 6 7 4 9 7 9 6 8 10 x 8 x 8 x x 7 6 6 7 7 x x 5 8 7 x 8 6 x 4 6 6 7 x 10 x 6 11 x 7 6 5 x 7 6 8 6 5 6 x 5 x 8 8 x x x 8 8 8 7 7 7 x 5 x 8 5 7 9 x 4 x 7 8 x 8 x 7 6 6 6 8 x 7 x 8 x x 7 6 x x x 6 x x x 8 x 
5 5 1 3 x 2 2 3 5 5 5 3 5 3 2 5 x 4 5 x 7 5 7 3 4 x 4 6 4 3 5 4 5 3 x 3 6 4 3 4 6 8 x 5 x 3 x 4 5 x 2 5 4 4 5 3 6 4 8 2 5 5 3 4 6 5 x 4 4 x 5 4 x x 4 4 3 2 3 x 4 4 3 3 5 3 5 5 x x x 5 2 x 3 2 3 2 4 x x x 4 9 x 6 x 4 6 x 4 3 6 x x 2 x 4 7 1 5 5 3 6 4 6 3 4 4 4 4 6 4 1 6 5 4 7 2 2 2 3 2 3 3 4 2 2 4 4 3 5 4 4 3 x 4 5 8 x 5 5 3 3 3 4 4 2 x 5 2 4 5 3 x x 4 3 3 2 4 4 5 4 3 x 4 5 3 3 4 6 6 8 4 3 5 5 8 2 
x x 5 5 4 4 4 7 1 5 7 6 5 3 5 7 6 6 5 6 x 4 7 3 6 5 x 6 x x 5 5 7 5 8 7 7 x 5 6 x 5 x x 3 x 4 4 x x 4 4 4 2 5 6 4 4 8 6 5 6 5 6 6 5 5 6 x 6 5 6 2 x 4 4 6 6 6 x 6 4 5 4 x 3 5 5 6 6 5 7 x 4 6 4 4 4 x x 4 x 2 6 4 6 4 x x x 6 x 6 x 6 5 4 4 x 5 1 x 3 x 6 6 6 4 4 x 6 4 x 5 x x x 9 4 5 4 x x x 5 x x 4 4 x 3 x 6 x 6 x 6 x 6 x 5 x x 6 3 x x 4 x 7 4 x x 5 6 x 6 x x 4 4 4 x x x x 6 x x 5 x 6 4 x x x 7 x 6 4 
7 7 5 5 4 4 4 7 x 6 7 5 7 5 6 x 6 5 7 5 9 x 9 5 x 6 6 8 6 5 5 8 7 x 10 7 10 6 5 7 8 9 6 7 5 5 x x 5 8 4 x 6 6 7 3 8 6 x x 6 9 x 7 6 7 8 7 7 6 6 4 6 6 6 4 x 4 x 7 6 6 5 6 5 5 4 7 x 6 5 7 6 6 5 4 5 4 x 6 6 7 6 11 5 7 4 6 x x x 7 7 9 4 5 6 5 x 5 x 5 x x x 9 x 5 x 6 5 7 x 5 8 x x x x 5 x x 6 3 x 7 6 x x 6 6 6 7 x x 9 x x x x 7 7 x 6 x 7 x x x 7 x x x 4 7 6 6 x x x x x x 4 4 8 x 7 x x 6 8 x 8 x x 8 6 x x 
3 x 3 5 4 x 4 x 3 3 7 5 5 3 x 5 4 4 x 6 5 3 x 3 4 5 4 4 4 5 5 6 6 5 8 5 8 6 4 4 7 x 5 3 3 3 x 4 5 7 4 4 4 2 5 5 4 4 x 4 3 6 5 4 6 5 5 6 1 4 5 6 2 4 4 4 x 4 5 x x x 5 3 5 3 5 5 4 x 5 7 x 4 5 4 5 4 6 x 4 5 2 x 5 x 4 6 8 5 6 3 6 x 4 3 x 2 5 3 3 x 1 4 4 6 x 2 4 2 x 4 4 x 6 x x x x 3 4 3 4 6 4 6 4 4 x x 3 5 x 6 x x x 6 6 x 5 5 x 4 3 5 x x 5 x x 2 x x 4 x 6 4 3 4 x x x 4 x 4 6 3 x x 4 x 4 x 4 3 x 6 6 4 
6 7 6 6 5 5 5 6 x 4 7 4 6 4 x x 8 6 6 6 8 x 6 4 6 7 x 5 4 6 7 6 8 7 7 6 9 5 6 3 7 9 7 6 5 5 x x 6 9 5 7 3 x x 7 7 6 7 5 2 7 x 3 8 4 6 x x 4 6 x x x 7 6 x 4 6 7 x 3 6 7 7 4 7 2 x 7 x 7 x 3 6 5 6 5 7 5 7 6 5 10 6 7 5 x 10 x 7 5 6 9 4 7 x x 8 6 x x 4 1 x x 7 x 4 5 x 7 6 x x x x x x x x x x x x 6 7 x 4 6 x x x x x x 7 6 x 6 7 x 6 4 x 6 x x 7 5 x x x x x 8 7 6 5 x x 3 6 5 x x x x 5 x 5 x 7 x x x x x x 5 
6 5 4 4 3 3 2 4 6 5 6 4 3 4 x 6 4 4 6 x x 5 8 4 1 4 x 5 2 x 5 5 6 x 8 5 7 4 4 5 x 5 x x x 3 x x 5 7 x 6 4 4 x 3 6 4 8 3 4 6 2 5 6 5 5 5 4 4 3 4 4 6 4 x 4 2 3 6 2 x 3 4 5 3 4 5 4 6 5 5 x x x 3 3 x x 4 x 5 4 8 3 x 4 x 6 x 5 x 4 7 x 5 2 x 7 4 6 x 4 x 1 x 3 4 2 5 4 3 1 4 6 5 5 8 3 4 2 4 5 3 x 2 x 3 2 5 x 5 2 4 3 7 4 4 7 3 5 5 x 3 x 6 5 3 5 3 3 5 6 2 5 4 2 1 3 3 2 3 3 3 2 5 4 6 2 3 4 5 5 8 3 4 7 x 7 2 
6 6 6 7 5 6 8 8 6 x 7 6 x 4 7 8 7 7 6 9 8 8 6 4 7 7 5 7 x 7 6 6 9 6 x x x x 5 6 8 x 7 6 4 x 5 3 6 x x 7 5 5 6 6 x 5 x 7 4 x 8 6 7 4 6 9 6 5 6 7 5 7 7 5 8 x 7 7 7 3 9 7 6 4 8 2 x 7 6 7 7 3 7 7 7 7 7 5 x 6 5 10 7 9 5 7 11 6 7 6 7 9 x 6 5 5 x 6 6 9 6 x x 3 x 5 5 5 x x 7 x 9 8 5 11 7 6 8 x 7 x 6 7 7 7 5 8 6 x 7 x x x x x x 9 x 6 8 5 4 x 8 6 6 8 x 5 6 8 3 8 x x 6 x 5 x x 5 8 7 9 x 8 x x 7 5 9 5 8 x x 9 x 
4 5 3 5 4 x x 5 6 x 5 x 5 3 4 8 5 4 6 3 x x 6 x 3 5 4 6 4 x 5 6 x 1 8 5 x 4 6 7 6 8 x 5 x x 4 x 5 x 5 6 4 4 5 1 7 4 x 3 6 7 2 7 x 5 5 7 5 6 5 2 x 4 5 4 4 4 3 x 4 4 x 3 x 3 2 5 4 6 5 5 4 4 3 x 3 x x x x 5 5 x 3 5 2 4 8 x 2 5 6 x x 3 x x 8 3 6 x x 7 3 x 1 x x x x x 3 x 6 x 4 7 x 3 2 3 x 1 3 x 3 x 4 6 5 5 5 x x x 4 7 7 6 5 5 x 6 3 5 3 5 x 5 x 5 6 x x x 4 x 5 x x 5 6 4 x x x 6 2 x x x 5 8 x 6 x 4 x 4 
4 5 4 3 4 2 4 5 5 2 5 5 5 4 x 5 6 x 6 x 7 4 6 x 3 5 5 3 3 3 5 6 5 5 7 x 8 5 3 3 7 7 6 x 4 x 4 x 5 6 x 5 6 4 5 6 5 3 x 3 2 7 4 3 6 4 6 4 2 4 4 5 x 6 4 4 6 3 x x 4 3 5 4 5 4 5 4 3 x x 5 x 3 3 2 5 2 4 3 5 6 3 x x 7 6 4 7 5 5 x 5 7 x 4 3 1 6 4 4 5 2 x 4 5 x 1 3 x 3 5 3 4 5 4 5 7 x 4 4 4 5 5 3 4 5 2 3 4 4 5 x x 4 7 6 5 7 x x 5 3 4 x 4 4 2 5 5 2 3 x 4 3 6 4 3 2 2 3 1 5 5 4 3 x 4 4 3 x 6 5 8 x 4 6 4 7 2 
4 5 4 3 3 2 x 5 5 4 5 3 5 2 x 5 5 3 4 5 7 x 6 2 3 5 3 6 x x 4 6 5 4 7 6 x 5 3 4 x 6 4 4 2 2 x 3 x 7 x 5 3 3 5 x 5 3 x 3 4 5 4 4 5 4 x x 4 3 x 6 3 x 4 3 6 3 3 x 3 3 5 4 4 x 6 4 x x 4 5 5 x 3 2 3 2 x 3 x 4 3 8 3 5 3 4 x 4 6 4 5 x 3 4 1 x x 4 4 x 4 4 2 5 x 3 1 3 3 5 2 4 8 4 x x x x x 2 4 4 3 x 4 x 1 4 x x x 5 x 7 6 5 x 5 5 5 3 3 2 6 x 2 x x 2 x x x 4 x x x x 2 1 3 x 3 4 5 4 x 4 3 3 x x 8 3 6 6 4 x x 
2 4 4 4 3 3 x 6 2 x 6 4 x 2 3 6 5 5 4 5 4 3 6 x x 4 3 5 x 4 4 4 6 x 7 6 6 5 5 6 x 4 4 2 2 2 3 3 4 x 3 3 3 x 4 5 3 3 x 5 5 x 4 6 5 4 x x 2 5 4 5 1 x 3 3 x 5 4 3 5 x x 3 4 2 4 4 5 5 x 6 3 3 4 4 x 3 x x x 4 1 x 4 6 3 5 7 4 6 2 5 7 5 4 3 3 4 4 x 6 2 5 5 5 x x 3 1 5 3 5 4 7 3 3 x 3 4 x 2 3 5 5 5 3 4 x 4 x 6 5 5 5 6 x x 5 4 4 4 4 5 2 6 5 3 4 6 x 1 2 3 5 5 5 5 4 3 3 3 x 3 4 5 5 2 3 x 3 5 3 7 3 x 6 5 5 3 
5 5 4 3 4 2 2 6 5 4 5 3 3 4 3 5 5 1 6 3 x 2 7 4 3 4 5 x 3 3 x 5 5 4 x 6 7 x 3 x x 8 4 6 4 4 x 5 5 x x 6 5 5 5 4 7 5 8 3 5 6 2 4 6 6 5 4 4 3 4 3 x 3 2 4 5 2 x x 4 x 3 2 5 4 5 6 1 4 5 x 5 5 3 x 3 2 x 5 3 x 5 x 3 6 5 4 5 x 3 3 3 7 2 2 x 3 6 4 6 5 x x 4 x x 3 3 5 1 x 3 x 7 2 x 7 2 2 2 x 2 4 x 5 2 2 3 4 3 5 5 x 3 7 4 4 7 3 5 x 3 x 4 x x 2 4 x x x x x 5 x 4 3 x x x 3 x x 2 x x 6 x x x 6 x 7 x 6 4 4 x x 
x 6 6 6 5 x 5 6 4 x 8 x 5 4 5 8 7 5 6 5 6 6 8 4 3 6 5 7 5 6 6 4 8 x 9 6 6 x 5 6 x 6 x x 4 x 5 5 6 8 5 5 5 3 6 x 5 5 9 5 6 5 4 6 7 6 4 6 4 5 6 7 x x 6 5 x x 6 5 4 5 6 5 6 4 6 6 5 x x 8 x 5 x 5 6 5 x x x 6 3 x 6 6 5 4 9 x 7 x 7 10 5 6 5 x 6 6 4 7 4 7 3 x x 5 5 3 x 5 3 6 9 6 5 10 5 6 5 4 x 6 x 4 5 5 4 6 4 6 4 x 5 9 x 6 7 x 6 6 6 x x x x 4 6 5 x 3 x x 7 x 4 3 4 5 5 5 5 5 4 7 7 4 x 6 x x 5 x 5 6 8 6 x 4 
6 x 4 4 3 2 2 4 6 x 6 3 x 4 3 6 x 3 6 3 8 4 7 x 1 4 5 5 2 3 5 5 6 3 x 4 7 4 3 4 6 5 4 5 3 3 x 4 5 6 3 x 4 x 5 3 6 4 8 3 4 x 2 4 6 5 x 4 4 4 3 5 x x 4 4 4 2 3 x 2 x 3 4 5 3 4 5 3 6 5 5 x 4 3 3 3 x 4 4 3 5 4 x 3 4 4 2 7 3 5 4 5 x x 4 x 3 7 4 x x 4 6 1 7 3 3 2 5 3 3 1 4 x 4 x x x x x 4 5 3 x x 5 3 2 4 x x x x 3 x x 4 7 3 5 5 x x x 6 4 x x x x x x x 6 x x x x x x x x 3 x 5 4 6 2 3 x 5 x 8 x 4 6 x 7 2 
x 5 1 3 4 x 2 3 5 5 5 x 6 3 2 5 3 x 5 x 7 5 7 3 4 5 4 6 x 3 5 x 5 3 8 3 6 4 4 x 6 8 5 5 3 3 x 4 5 x x 5 4 4 x 3 6 4 x 1 5 5 x 4 6 5 4 4 3 3 5 x x x 5 4 3 x 3 6 4 4 3 3 5 x 4 5 3 6 5 x x 4 3 2 3 2 4 4 x 5 4 x 3 5 4 4 6 3 4 3 5 7 x 2 4 4 x 1 5 5 x x 4 x x 4 4 4 x 6 4 1 x 5 x x 2 x 2 3 x 3 x 4 2 2 4 4 x 5 4 x x x x 5 8 x 5 x 3 3 x 4 4 x 5 x x 4 5 x x x 4 3 2 2 4 4 5 4 x x 4 x 3 3 x x 6 x 4 3 5 5 8 x 
x 8 6 7 9 x 5 9 8 6 8 7 8 9 6 9 x 7 9 6 10 7 10 9 6 8 x 7 7 x 8 9 10 x 11 9 11 7 7 x x 10 8 8 9 9 x 7 8 10 6 10 7 x 8 6 9 7 x 6 6 10 x 8 9 8 9 x 6 7 9 7 7 9 7 9 x x 6 9 7 x 6 7 9 9 7 x x 9 10 x 7 7 6 7 6 x 9 7 x x 7 12 6 8 8 x 11 6 7 x 9 x x 7 x 5 10 6 x 8 6 x 6 9 6 5 8 7 7 9 x x 9 8 7 10 x x 5 8 7 6 6 x 7 7 8 9 x 9 7 7 8 12 7 8 11 8 8 8 8 8 8 8 7 x 8 8 7 7 8 5 7 8 7 x x 7 7 5 8 9 5 7 8 8 5 x 9 9 9 11 x 6 9 9 10 x 
4 6 5 4 5 3 4 6 x 5 6 x x 4 3 6 x x 7 4 6 1 x 5 4 5 6 6 5 4 6 5 6 x x 7 7 x 4 5 5 6 5 4 5 5 x 6 6 7 x x 5 3 x 5 5 4 9 4 6 x 3 5 x 7 x 5 3 4 5 4 3 4 1 x 5 x 4 x 3 x 4 3 x 5 5 7 x 5 6 6 4 6 4 3 4 x 5 x 4 x 3 x 4 x 6 x x x 4 2 4 x x 3 x 4 x 5 x x x x 5 8 x 4 4 3 2 6 4 5 8 1 5 8 3 x 4 4 3 5 4 x 3 x 4 x 2 x 3 4 4 x 3 5 6 2 6 6 4 4 x 5 x 3 6 6 x x 4 3 6 5 3 4 3 3 4 4 x 5 3 x 5 4 3 4 5 x 5 9 5 5 3 5 8 3 
4 4 4 6 3 4 3 x 4 x 6 4 4 2 5 6 5 5 4 x 6 x x x 5 6 3 7 x 4 4 7 x 4 7 6 9 5 5 6 x x 6 4 2 2 3 3 4 x x 5 1 3 4 4 5 3 7 5 4 6 3 5 5 4 x 6 4 5 4 5 x 5 5 3 x 5 4 5 5 3 4 5 4 2 6 4 5 5 4 5 x 3 4 5 4 4 x 3 x 4 3 8 4 6 x 5 x 4 5 4 5 x 5 x x x 6 4 x x x x 5 5 4 5 x 3 x 5 x x 7 5 1 8 5 x 3 2 5 4 4 5 5 5 3 7 x 6 x 5 5 9 5 x 7 x x 4 6 x 2 6 5 4 4 6 x x 4 3 x 6 5 4 4 5 3 5 4 x 3 x 5 4 3 6 3 5 5 7 x 6 8 6 x x 
10 9 7 7 8 7 x 10 9 8 5 7 9 8 7 9 x 7 10 x 11 8 13 x 7 9 9 8 7 7 10 10 9 x 13 10 12 8 7 8 8 5 9 9 8 8 8 9 x 10 x 11 8 8 9 7 10 9 13 7 8 x 6 8 6 10 x 8 x 7 8 8 8 10 8 x 8 6 7 x 8 x 7 8 10 x 8 10 x x x 5 8 9 7 6 7 6 x 9 7 10 8 13 7 9 9 x 10 x 8 9 9 x 6 8 7 x 11 7 9 x x x 8 11 7 7 x x 7 10 x x 10 8 8 7 6 9 6 9 8 7 7 8 x 6 7 8 9 8 x 8 7 x 8 7 9 9 9 9 7 7 9 x 8 6 9 9 6 8 9 6 x 9 8 7 6 6 x 8 9 8 6 8 x 9 6 7 10 7 x 12 8 9 10 9 11 6 
4 4 2 2 3 x 3 4 4 3 4 4 x 4 3 4 4 2 6 4 6 4 8 4 x 4 5 4 2 x 4 5 4 4 9 4 7 5 2 3 5 7 4 x 4 4 x 5 4 5 1 x 5 3 4 5 5 5 9 3 x x 3 3 5 6 x x 4 2 3 4 3 4 3 3 4 2 2 5 3 5 4 3 4 4 5 6 x 5 4 4 3 x 2 1 4 x x 5 3 6 3 7 x x 5 3 x x 4 4 4 6 2 3 x 2 x 2 4 x x x 3 7 x x x 3 2 5 x 2 x 3 5 6 1 x x x x x x 3 3 1 x x x 4 x 4 2 6 x x 7 x 4 x x 2 x 6 x x x x x 3 4 x x x 3 2 x x x x x 3 x 4 x x 4 2 x x x 7 3 x 6 x x x 
x 4 2 4 4 3 3 4 5 x 7 x 4 3 3 x x 2 5 4 7 3 8 3 4 5 4 4 4 x 5 3 6 x 9 4 5 5 4 x 5 7 5 5 3 3 4 4 5 7 x 4 4 x x 3 6 4 9 2 6 4 3 5 6 5 3 x 3 4 5 4 4 x 3 4 4 4 x x 5 x 4 1 5 3 5 5 x x 5 7 4 4 x 3 x 3 6 x 3 5 4 9 4 7 4 5 x 4 4 2 x x x 1 x x 7 2 5 5 3 x 4 6 3 4 x 4 2 6 x x x x x 9 x 1 3 x x x 4 x 1 x x x x x 5 x x x 5 x x x x x x x 4 3 5 x 4 x 3 3 x x x 4 5 x 4 3 4 5 4 5 3 4 5 4 4 4 5 6 6 x x x 6 x 7 3 
x 4 3 5 5 4 1 5 4 5 4 2 4 x 2 7 3 2 5 2 6 x 7 5 2 4 4 7 4 2 6 5 x 2 9 5 x 3 5 x 6 6 x 4 5 5 x 6 6 8 4 x 3 3 x 2 5 6 x 2 5 6 1 6 5 6 5 6 5 4 5 x 3 5 3 x 3 x 2 5 3 x 2 3 5 5 3 7 x 5 6 4 3 6 2 3 x x x x x 7 3 x 2 4 x 3 x 2 3 x 5 6 3 3 4 5 6 2 4 x 4 x 2 8 2 4 x x 2 5 x 2 5 4 3 6 x 3 1 4 3 2 2 x 3 3 4 5 4 5 x x 4 8 3 6 7 4 4 x 4 4 x 6 x x x 4 3 3 x 1 5 4 3 2 3 3 3 5 4 5 1 7 3 4 1 4 5 5 6 7 5 5 5 x 6 4 
3 3 3 5 x 4 4 5 3 5 5 4 5 x 4 5 4 4 3 6 5 x 5 1 4 x x 6 2 x 3 6 6 3 6 5 8 6 5 6 x 5 x 3 x 1 2 2 3 x x 4 2 2 3 3 x 2 x 4 5 5 5 5 4 3 6 6 3 4 3 4 2 x 5 2 4 4 x x 4 2 5 4 3 1 5 3 4 5 x 5 x 2 5 4 5 4 4 2 x 3 2 x 5 7 2 4 7 3 4 x 4 8 4 3 2 4 5 3 x x 3 x 4 x 3 4 2 2 x 4 4 3 8 4 2 9 x x 4 1 4 3 3 4 4 4 2 5 3 x 4 4 4 8 6 4 x x x 3 5 4 x x 6 x 3 5 4 2 x 5 4 5 4 4 3 4 2 x x 2 5 6 x x x 5 2 4 x 6 2 5 7 6 6 4 
x 4 2 4 5 x 3 4 x 6 x 5 4 4 3 x 4 x 5 3 6 3 8 x 5 4 5 4 x x 6 3 6 4 9 4 5 5 4 5 5 6 x 4 x x 5 5 6 7 3 4 5 3 4 3 5 5 9 3 6 x 3 5 7 6 3 5 4 4 5 4 x 2 3 5 x x 4 x 5 x 4 1 6 4 4 6 2 x 6 6 x 5 4 3 4 x x 5 3 6 3 x 4 6 5 x x 3 4 2 4 8 3 1 x x x 2 x 6 4 x 5 7 x 5 4 3 2 x 5 x 7 3 5 8 x x 3 4 1 x 4 5 1 3 4 5 2 6 5 4 4 x x 6 x 4 4 x 4 4 4 3 x 3 4 6 3 3 4 3 7 x 5 x 4 3 4 x x 5 4 4 5 4 x 4 5 x 5 x 5 x 6 6 x 3 
4 6 3 5 4 x 2 5 6 7 5 x x 3 4 x 4 x 5 3 8 x 7 3 3 4 4 6 4 3 5 5 8 1 x 5 x 4 6 7 x 7 4 5 3 x 4 4 5 x x x 4 5 x 1 x 4 8 3 7 7 x 6 6 5 5 6 6 6 5 2 5 x 5 4 4 4 3 7 4 4 3 3 5 3 2 5 4 6 5 5 5 x 3 4 3 4 x x 3 5 4 10 3 x 2 4 x x 2 x 5 x 4 3 4 x 7 3 x 3 6 x 3 x 1 5 4 5 4 6 3 3 6 5 4 7 x x 2 3 x 1 3 5 x x 4 x x 5 x 2 x x x x x 6 x 6 6 6 x x 3 5 x x 4 5 x x x x 4 x x 5 x x x x x 7 x 6 2 x x x x 9 x x x x 7 x 
6 5 4 4 3 2 2 4 5 4 6 3 3 4 x 5 5 3 6 3 x 4 7 4 1 4 4 5 x 3 5 x 5 3 8 x 6 4 4 5 6 5 x 5 3 x 4 4 5 x 3 5 4 4 5 3 6 4 8 3 4 x 2 5 6 5 4 x 4 x x 5 x 5 4 4 x 3 3 6 2 x 3 4 5 3 4 5 3 6 5 6 3 x 3 2 3 2 4 4 x 5 4 8 3 4 4 2 x 3 5 5 5 x x x 3 x 6 3 5 x 4 x x 6 3 3 3 5 x x x x 6 4 4 7 x 4 2 3 4 3 1 2 4 x x x x x x x 3 7 x x 7 x 5 x x x x x x 2 5 3 2 x 6 x x 4 x 1 2 2 x x x x 2 6 4 6 x 3 4 x x 8 3 x 6 x x 2 
6 6 4 4 4 3 4 6 6 6 7 5 4 4 5 6 5 5 7 5 8 3 8 4 x 2 5 7 x 5 5 3 6 5 9 6 5 2 4 4 4 4 x 6 4 4 4 5 5 7 x 4 5 5 6 5 7 x x 5 5 4 4 4 6 6 3 5 6 5 4 5 5 6 3 4 5 3 5 7 3 5 x x 5 4 6 6 x 6 4 7 5 5 5 3 5 3 5 x 5 4 5 10 5 5 6 x 7 5 5 4 3 x 3 6 3 4 8 4 x 7 6 6 2 7 x 4 x 5 5 4 x 4 x x 5 8 3 x x 4 5 5 2 1 x 3 3 5 x 6 1 4 5 9 5 5 6 4 x 6 4 x 4 7 6 x 6 x 3 5 x 4 x 2 x 2 3 x 3 x 4 5 4 7 6 5 4 4 5 6 7 9 x x 5 6 9 3 
4 4 2 4 5 3 3 4 4 6 6 5 x 4 3 x 4 2 5 3 6 3 8 4 x x 5 4 x 4 6 3 6 4 x 4 x 5 4 5 5 6 5 4 4 x 5 5 6 7 x 4 5 x x 3 5 5 9 3 6 x x x 7 6 3 5 4 4 5 4 3 2 3 5 x x x 5 5 5 4 1 6 x 4 6 x 5 6 6 3 5 4 3 4 3 5 x 3 6 3 9 x 6 x 5 6 x 4 2 4 8 3 1 4 5 6 2 x 6 4 7 x 7 3 5 4 3 2 5 5 2 7 3 5 x 3 1 3 4 1 x 4 x 1 x 4 6 2 6 x 4 4 x x x 8 x x 4 4 x x 3 x 3 x 6 x 3 4 x x x x x x 3 x x 4 x 3 x 5 4 4 x 5 5 6 x 5 4 x x x x 
x 4 2 2 3 1 3 4 4 x 4 x 4 4 3 x 4 x 5 4 x 3 8 4 2 4 x x x 2 4 5 4 4 9 4 7 4 2 4 5 7 x 4 4 4 3 5 x 5 x 6 5 3 4 5 5 5 x 2 3 x 3 4 x 5 5 3 4 2 3 4 3 4 x 3 x 2 x 5 3 x 4 3 5 4 6 6 2 5 4 4 3 5 2 1 x x x x 3 6 3 x 4 6 5 x x x 4 4 4 x 2 3 2 x 5 2 4 x 4 x 3 7 x 2 x 4 2 5 3 2 7 x 5 6 1 x 3 4 3 x x 3 x 1 x x x 4 3 x x x x x 8 x x x 2 x x x x 1 4 4 1 x 5 3 5 4 x x x 1 x 2 5 x 3 x 3 x 4 2 x 4 4 x x x 6 x x 1 
4 5 4 3 x 2 4 5 x 4 5 x x 2 5 x 6 3 4 x x 4 x 2 2 5 x 5 1 3 4 6 x 4 7 5 7 4 3 4 7 x 5 4 2 2 x 3 4 x 2 5 3 3 x 4 5 3 x 3 4 5 4 4 5 4 6 x 4 3 3 6 3 5 4 3 6 x 3 x 3 3 5 4 4 2 6 4 x 5 x x 4 x 3 2 3 2 x x 5 4 3 8 3 5 3 3 x x 6 4 5 x 3 4 1 x 6 4 4 x x 4 2 5 4 3 1 x 3 4 2 4 8 4 3 7 x x 4 2 4 4 x 3 4 x 1 x 4 4 3 x x x 5 5 7 x x x x 3 2 x x x 5 4 x 3 x x 4 x 3 x x 2 1 x x 3 x 5 x x 4 3 3 x 5 8 4 x x x x x 
5 6 4 4 5 3 5 6 4 5 x x 6 5 6 6 6 4 7 6 7 5 8 5 4 x x 6 x 4 7 7 6 x 9 6 9 7 4 5 x x x 5 x x x 5 7 7 3 6 7 4 6 7 6 6 9 4 5 9 5 5 7 4 7 5 5 4 5 6 4 5 x x x x 4 2 5 6 6 6 7 5 x 7 4 7 x 6 6 x 4 3 6 3 5 6 x 7 4 5 6 8 6 5 x x 6 5 6 x 3 6 x x x 4 x 6 x 6 5 8 6 4 4 4 4 6 4 4 9 x 7 8 x x 5 5 5 x x 5 6 x x 3 x 5 5 x x 8 x x x x 6 x x x x x 5 x x x 3 4 x x x x 5 4 x x x x 6 6 x x 5 x 5 4 x x x x 5 x 7 x x x 
3 5 3 5 5 4 4 5 x 5 7 4 3 3 2 7 3 3 5 5 x x 7 x 4 x 4 6 4 5 5 4 7 x x 5 6 5 5 6 6 5 5 3 x 3 5 4 5 x x 5 4 2 x 4 4 4 8 4 4 x 4 6 x x x 6 3 5 x x 2 3 2 x x x 5 4 4 4 x 2 5 3 6 x 3 6 6 7 4 4 5 4 x x 7 3 x 5 2 7 5 7 4 4 7 4 5 1 5 x 4 2 x 4 5 3 3 6 3 x x 6 5 4 x x 3 4 x x x 2 x 9 x x 4 3 2 x x x 2 x 4 x 1 x 4 x x x x 7 7 x x x 5 5 3 4 6 x x 7 4 x x 4 6 5 4 5 x x 4 x x 4 4 x 6 3 x 5 4 x 4 x x x 5 x 6 4 
6 7 5 5 5 4 4 7 6 6 6 5 7 5 6 7 6 5 7 5 9 6 9 5 5 5 6 7 x 4 7 4 x x 10 7 6 7 5 6 x x 5 7 x x 6 6 7 3 x 3 6 6 7 5 8 6 10 5 6 x 4 6 x 7 x x 5 5 5 x x 8 6 6 7 3 5 x 6 6 x 6 x 5 6 7 x 8 x 6 6 6 5 4 6 x 6 6 x x 6 9 6 8 4 x 4 x 7 x 7 9 x 6 5 5 x 5 x 6 5 x 5 x 5 5 x 6 5 6 x 5 9 x 6 8 4 x 5 x 6 5 x 6 6 4 4 5 x 5 6 x x 9 6 5 9 7 x 7 x 5 5 x 5 4 7 7 4 x 4 4 x 5 6 5 3 4 x x x 6 4 7 5 x 4 5 6 x 7 5 6 x 8 x 9 4 
x 6 4 4 4 4 x 6 x 6 7 5 4 4 5 6 x 5 6 4 9 x 8 4 2 2 5 7 3 x 5 3 6 5 9 x 5 2 5 4 4 4 2 6 4 4 4 x 5 7 3 4 5 5 x 5 7 5 9 5 x 4 4 4 6 6 x 6 6 5 4 5 5 6 3 4 5 3 4 7 3 5 4 5 5 4 6 6 5 6 x 7 x 5 4 3 4 x x x x 4 5 10 4 5 x 3 x x 5 x 3 x 3 6 3 5 8 4 6 7 x x 2 7 5 x x 5 5 4 x 4 7 3 x x x 5 x 4 5 x x 1 x 3 3 5 4 6 1 x 4 x x 5 6 4 x x x x x x x x x x 4 x 6 x x x 3 x x x x x 4 x 3 x x 5 3 x x 6 7 9 4 x 5 x 8 x 
5 7 4 5 5 4 x 6 6 6 6 4 5 4 5 x 5 3 6 x 8 4 5 4 x 6 5 7 5 5 6 7 7 2 10 x 9 x 5 6 x x x 6 4 x x x 6 8 4 6 5 5 7 2 7 5 10 5 7 8 4 6 7 6 7 x 6 x x 3 5 5 4 5 5 x 5 x 6 5 4 4 6 4 3 6 3 6 x 6 x x 5 4 4 x x 5 x 6 5 x 4 6 3 6 7 x 3 x 5 7 x 4 x 5 8 4 x x 6 x 4 x x x 5 5 x x x x 7 4 5 8 4 x x 4 4 2 x 4 4 x x x x x x 3 x x x 6 x 5 x 7 x x x x x x x x x 5 x x x x x 5 4 4 5 x 5 5 x x x x x x x x x x x 6 x x 9 x 
6 5 3 3 3 2 x 6 6 4 6 6 x 4 4 5 5 x 6 5 8 x 6 4 3 5 5 5 x 3 4 7 5 6 7 6 9 x 3 2 6 x x 6 4 x x 3 4 6 2 x 5 5 6 x 7 5 7 4 3 8 5 2 5 4 7 4 4 1 4 6 x 5 x x 5 3 3 6 4 x 5 4 4 x 6 x 3 5 4 6 4 3 3 2 5 2 x 5 4 6 5 8 5 6 5 4 x x 6 5 5 x 3 4 x x x 3 6 x x x 3 x x 4 x 5 3 5 3 x 8 4 5 7 2 x 4 4 4 x 3 5 4 x x x x x 4 x 1 7 6 5 x x 6 6 3 x 4 6 4 2 6 x 2 5 6 x 4 x x 3 3 2 x x x x 4 x 5 6 5 3 x 5 5 7 x 5 5 4 7 2 
5 9 7 7 9 6 8 9 7 9 x 9 9 7 8 x 9 7 10 x 9 x 10 x 7 10 8 9 7 7 8 9 x 8 11 9 11 10 5 8 10 9 10 7 8 8 9 7 8 10 6 8 9 x 10 8 8 9 x 8 9 10 8 8 11 8 9 8 8 7 8 10 6 9 8 9 x 6 x x 8 7 9 8 8 8 7 8 7 9 x 9 x 7 7 6 9 6 x 9 x 10 6 12 9 10 9 8 11 x 10 x 9 x 6 8 x 7 x x x 9 x x 7 x x 7 7 6 7 9 x x 12 x 9 x 6 x 8 8 x x 7 9 x x x 8 x 9 x x 7 7 10 x x x 9 x 7 x x 10 8 x 9 x x x x x 9 10 8 x x x 8 x x x 9 x x 7 x 7 x 9 x 12 8 x x x x x 
7 6 5 6 7 5 3 x 6 7 6 4 x 6 5 8 6 4 8 4 8 x 8 6 4 4 7 7 6 4 8 3 8 4 11 6 5 5 6 7 7 8 4 6 6 6 x 7 8 7 x 4 5 5 6 x 7 7 x 4 8 x x 7 7 6 3 7 6 5 7 6 5 6 3 7 6 5 x x x 8 x 5 8 6 5 7 x x 6 6 x 8 4 5 4 5 x 6 x 6 5 10 4 7 5 3 8 4 6 x 6 x 5 5 5 x x 4 6 x x 7 4 x 4 6 6 x 4 x x x 7 3 5 8 x 5 3 6 x x x 5 x x 5 x x 6 x x 6 10 3 x 8 x 6 x 5 x 7 7 x x x 6 4 x 6 3 7 4 x x 5 4 x x 2 6 3 7 5 x x 5 x x 8 x x x x 7 x x 
x 6 5 5 5 4 6 7 7 6 6 7 x 4 6 7 5 4 x 6 8 5 9 4 x 7 5 7 5 5 6 8 x x 9 7 10 7 5 x 2 8 6 x 4 4 5 x x 7 x 7 5 5 6 7 7 5 9 4 5 7 5 6 7 6 8 x 6 5 6 6 5 x 5 5 5 x 5 6 5 5 7 6 x 4 7 6 x 5 6 6 6 5 5 x 7 x x 5 6 6 6 10 7 7 5 5 8 x x x 3 9 x 5 x 4 8 5 x x 6 6 4 x 7 5 5 x 4 6 4 5 8 5 x 7 x x 6 4 6 x x 5 x x 5 x 7 5 5 6 5 x x 3 x 6 x x x 5 4 x x x x x x x x 5 7 x x x x x 5 x 6 x x 7 5 6 5 x x x x 9 5 x x 6 x x 
4 8 8 9 7 7 7 10 x 8 5 8 7 6 7 10 x x 8 9 6 6 9 6 x 7 x 8 x x 8 x 10 7 x 10 10 7 8 8 8 8 x 6 6 x x 7 8 x 7 7 7 5 8 8 7 7 9 9 8 9 x 8 6 8 8 x 6 9 8 7 x 9 x 6 9 8 8 7 x 7 8 7 8 6 6 5 x 8 8 x x x 8 8 8 x x x x 8 5 10 8 10 8 x x 8 x x 7 x 8 x x x 8 8 6 x 6 x 7 x 7 7 x 5 7 7 7 8 11 6 7 9 7 x 7 x x x 7 6 8 8 7 x 7 9 6 x x x 8 x 5 7 x x 8 9 x x 9 x 8 9 x 5 6 7 x x x x 7 7 7 x x x 8 x x x x x 7 x x 11 x x x 9 x 8 
5 7 6 6 x 4 4 6 5 6 7 x 1 5 4 x 5 3 7 5 7 2 9 5 3 6 6 6 5 x 7 4 7 6 10 6 x 6 5 x 6 7 5 5 5 5 6 6 7 8 4 5 4 4 7 6 6 6 x 5 7 4 x 6 8 5 x 6 4 5 6 5 4 5 2 6 x 4 5 6 2 x 5 x 7 5 6 x 3 x 7 7 5 x 5 4 5 4 6 5 x 7 x 9 5 6 6 2 7 x 5 x 5 x 4 4 x x 8 x x x x 6 3 9 6 x 5 4 3 x 3 x 8 2 x 9 x x 4 x 4 6 x 4 x x x x x 7 4 5 x x x 6 7 1 7 7 x x 5 6 6 x 7 x x x 5 x x 6 2 x 4 4 5 x 1 5 x 6 6 x 4 x 6 x 6 x 6 x x x x 4 
5 1 5 5 4 4 4 8 5 x 7 6 7 3 6 7 6 5 6 6 7 x 7 3 5 7 4 8 4 5 5 6 7 5 8 x 8 7 5 6 8 7 6 5 3 3 4 4 5 6 x 6 4 4 x 5 6 4 8 5 6 x 4 6 6 5 6 x 5 6 6 6 x 6 6 4 6 4 5 x 6 4 5 4 5 3 7 x 5 6 5 7 6 x 5 4 3 4 5 4 x 5 4 x 3 7 5 6 x 5 6 5 7 x 4 4 x 6 7 5 5 7 5 7 5 x 5 x 5 4 5 6 5 5 8 6 x 9 4 x 4 x 4 x 5 x x x x 6 x x x x 6 9 6 x x 7 1 x x x 3 x x 4 x x x 4 x 4 x 7 6 x 4 x 4 5 7 4 5 7 x 5 x x x 7 x x 4 x x 7 x x 
x 1 5 5 4 x 4 8 x 6 7 6 x 3 6 x 6 5 6 6 7 6 7 3 5 x 4 7 4 5 5 6 7 5 8 7 8 7 5 6 8 7 6 5 3 x 4 4 5 6 4 6 4 4 1 x 6 4 8 5 6 x 4 6 6 5 6 x 5 6 6 x x 6 6 4 6 4 5 x 6 x x 4 5 x 7 5 x x x 7 6 4 5 4 3 4 5 x x 5 4 x 3 7 5 x 7 5 6 5 7 10 x 4 5 x 7 5 x 7 5 x 5 6 5 5 5 4 x 6 5 x 8 6 4 9 x x x 3 x 6 x 6 4 x x x x 7 x 7 6 x x x x 7 x 1 3 6 3 x x x 1 3 x x x x x 7 x x 4 x x x x x x x x x x x 2 7 x x x x x x 8 x 
5 3 3 3 4 2 x 5 5 4 5 5 5 x 4 5 5 3 6 x 7 5 7 5 3 5 6 5 3 3 5 6 5 5 x 5 8 6 3 4 6 7 5 5 5 5 x 6 x 6 x 4 6 4 3 5 6 6 10 4 5 7 4 4 6 7 6 x 5 3 4 5 x 5 4 4 5 3 3 6 4 6 5 4 5 5 7 7 3 6 5 5 4 x 3 2 5 2 x x 4 7 x x x 7 x 4 7 5 5 x 5 7 3 4 x x 7 3 x x x 6 x 8 x 3 3 4 3 6 x 3 8 4 6 7 x x 4 5 4 6 x 4 4 2 x x 5 x x x 3 7 5 x 8 x x 3 1 3 x x x x 3 5 x x x x 5 x 4 x 2 2 3 x x 4 x 5 x 3 4 x x x 6 6 x 5 x x 7 x 
6 x 3 3 3 2 5 6 x 4 6 x 5 4 x 5 5 3 6 5 x 4 6 x 3 5 5 5 3 3 4 7 5 x 7 6 9 4 3 2 x x 5 6 4 4 3 3 x x 2 x 5 x x 6 7 5 7 4 3 8 x 2 5 4 7 4 5 1 4 6 5 x 4 3 5 3 3 6 4 3 x 4 x 4 6 x x 5 4 6 x 3 3 2 5 2 x 5 x 6 x 8 5 x 5 4 6 x x 5 5 8 3 4 x 3 x 3 6 6 4 4 3 5 6 4 3 5 x x x 3 8 4 x 7 2 x 4 4 4 6 x x x x 3 x 5 5 x x x x x 5 9 x x 6 3 1 5 x x 2 5 5 2 4 x 4 4 x x x 3 x 3 4 5 x x 6 x 6 5 x x x 5 8 3 5 x 4 7 2 
3 3 3 5 2 x 5 5 3 5 5 5 5 1 4 5 4 4 3 6 5 5 5 1 4 x 2 6 2 4 3 6 6 3 6 5 8 6 5 x 5 x 5 3 1 1 2 2 3 8 4 4 2 2 3 3 4 2 6 4 5 5 5 6 4 3 x 6 3 4 3 4 x 4 5 2 4 4 x 4 4 2 6 4 3 1 5 x 4 4 3 5 x x x 4 4 4 4 x x 3 2 7 4 6 2 x 7 x 4 3 4 x x 3 x 4 5 3 3 x 3 x x 4 3 x 2 2 4 x x x 8 x 2 9 x 4 x x 4 x x 4 x x 2 x 3 5 x x 4 x 7 4 x 5 3 3 x 5 1 5 x x 3 x x x x x x x x x x x x 4 5 x x x x x x x x x x 6 x x x x x 4 
7 6 4 6 4 5 6 x 7 3 5 7 6 5 5 8 6 4 7 5 9 5 9 5 6 6 6 2 6 x 5 5 x 5 10 7 7 8 7 x 6 8 6 7 5 5 x 6 x x 5 6 6 6 7 5 8 6 10 5 5 6 6 7 x 7 5 7 x 6 4 7 6 x 5 4 6 6 x 5 5 x x 3 5 x 6 7 4 6 5 x x x 7 x 6 5 x 6 x x 6 9 6 9 6 x 8 5 7 x 7 7 6 3 5 4 x 4 x 7 5 6 6 x 5 4 6 6 x x 6 4 8 5 6 x 6 3 6 x 3 x x 7 3 x x x 4 x x x 6 10 7 x x 6 x x x x 5 3 8 x 6 8 x x x 5 6 x 6 x x 5 6 x 6 x 5 x x x 6 x x x 8 x x x 7 7 x x 
7 6 5 4 5 3 3 5 x 5 6 4 6 5 4 6 5 4 7 4 8 5 8 6 4 6 6 6 4 2 6 x 6 4 11 5 9 5 4 6 6 8 5 6 5 5 x 6 6 7 x 8 5 x 6 3 7 7 11 4 5 8 x 6 7 7 x 5 5 4 5 2 x 7 5 5 5 3 x x 5 x 4 5 x 5 4 7 4 7 6 6 5 x 2 3 4 3 x x x 7 5 x 4 6 4 x x x 2 6 6 6 3 6 4 4 8 4 x x x x 5 8 3 4 x 5 x x 4 4 7 x 5 8 x 5 x 6 x 3 x 6 x x x 5 6 5 x x 4 8 x x 9 6 x x x x x 8 3 3 6 6 3 5 6 3 7 x 5 x x 3 x x x 5 x 6 x x x 4 7 6 x 9 x 7 7 x x x 
4 4 2 2 3 x 3 4 x x 5 x 4 x 3 x 4 2 5 4 x 3 8 3 2 x 4 4 x 2 x 6 4 x x x x 5 2 3 5 7 5 4 3 x 3 4 4 5 x x 4 3 5 5 5 4 9 2 4 7 3 3 x 5 6 3 3 2 x 5 x 4 3 3 4 x 2 x 3 4 4 3 x 3 6 5 2 x 4 x 3 4 2 1 4 1 3 4 x 5 3 7 4 x 4 3 6 4 5 4 4 x x 3 x x 5 2 4 x x x 3 6 5 2 2 3 2 4 x x x 3 4 6 x x x x 3 5 2 x 3 1 x x x 4 x x 2 x x x x x 4 x x 2 x x 3 1 4 4 1 3 4 3 5 4 x x 2 1 2 2 4 3 3 4 3 4 4 x x x x 7 3 4 6 3 6 x 
5 1 5 5 4 5 4 8 5 x 7 6 7 3 6 7 6 x 6 6 7 6 x 3 5 7 4 7 4 5 5 6 7 5 x 7 9 7 6 7 7 7 7 5 x 3 4 x x 6 4 6 4 4 x 5 6 4 x 5 6 7 4 6 6 5 6 x 5 6 6 6 4 6 6 4 6 4 x x 6 x x 4 5 3 7 5 5 6 5 7 6 4 5 4 3 4 x x x 5 4 8 3 x 5 6 7 x 6 x 7 x x 4 x x 7 x x x 5 7 5 6 x 5 x 4 4 6 x 5 8 6 4 9 x 4 x 3 4 x 5 6 x 4 5 x x 7 x x 6 9 x x 8 7 x 1 3 5 3 6 6 4 1 x x 4 5 x 7 7 x x 4 4 4 5 x 4 5 7 x x x 3 2 7 6 4 4 x 8 x x 4 
8 3 5 5 5 5 4 7 8 6 7 x 5 5 6 7 6 6 8 5 9 x x x 3 6 6 7 4 5 7 6 x 5 10 7 9 6 6 7 7 7 x 7 5 x 6 6 7 x 4 8 6 6 3 5 8 x x 5 7 7 4 6 x 7 7 7 7 5 6 6 x 8 x 6 6 x 5 8 4 x x 6 7 5 6 7 5 8 7 x 5 6 5 4 5 4 7 6 5 7 6 10 5 6 7 4 9 5 6 7 7 x 4 6 x 5 9 5 7 7 x 5 3 8 5 5 x 6 x 5 x x 8 6 6 9 x x 4 5 6 x 3 x 6 4 4 x 7 7 x x x x 6 x 9 x x 3 5 5 x 8 6 4 x 5 4 6 7 4 x 6 4 3 4 4 4 x x 6 x 7 6 7 x 5 4 x 8 6 5 6 8 7 9 4 
x 4 2 2 3 1 3 4 4 3 x 4 4 x 3 4 x 2 5 4 6 4 x x 2 5 5 4 2 2 4 5 4 5 9 4 7 5 2 3 5 7 x 4 4 4 x x x 5 1 6 5 3 4 5 5 5 x 3 x 6 3 3 5 5 5 3 4 2 3 5 x 4 3 3 4 2 x x 3 x 4 3 5 x 6 6 x 5 4 x 3 5 2 1 4 x x x 3 6 3 7 4 x 5 3 x 5 5 x 4 x 2 3 x 2 x 2 4 x x x 3 x x 2 2 x x x x x 7 x x 6 x 3 3 4 3 4 2 3 x 1 x 3 4 4 4 x 2 x 4 x x x x x x 2 x x 3 1 x 4 1 3 4 3 x 4 3 2 2 1 x x 4 3 x 4 3 4 x x 5 4 4 x 3 4 6 3 6 x 
2 4 x 5 3 3 3 6 2 5 6 x 4 2 3 6 4 5 4 5 4 3 x 2 5 x 3 5 x 4 4 4 6 x 7 6 6 6 4 5 x 4 x 2 2 2 x 3 4 7 3 3 3 x x 5 3 4 7 5 5 x x 6 5 4 x 6 x 5 4 5 1 5 3 3 x 5 4 3 5 3 4 3 4 2 4 4 x x 4 6 x 3 4 4 3 3 5 3 x 4 1 6 4 6 x 5 x x 5 2 5 x 5 x x x 4 4 x x 2 x 5 5 5 3 x 1 x 3 x 4 7 x x 8 3 3 3 2 3 5 x 5 3 x 3 4 x x x 5 5 x x x 5 x 4 x x 4 x x 5 3 4 6 3 1 x x 5 4 5 5 x x x 3 x 3 x x x x x x x x x x x x x x x x 
3 5 5 6 4 5 4 7 3 6 7 5 6 3 4 8 6 6 5 6 5 x 5 x 6 4 x 6 4 6 x x x x 8 x 5 7 4 7 7 5 4 3 3 3 4 4 5 x 4 2 4 2 x 5 4 4 8 x 6 4 x 7 6 5 x x 3 5 5 6 x x 4 x 6 x 5 4 x 4 5 4 4 3 5 5 6 6 5 7 x x 5 5 x 4 x 4 4 5 2 7 5 x x x x x 6 3 6 x 4 5 4 x x 5 x x x x 6 6 6 x x 2 x x x 5 8 4 4 9 4 x x x 4 x 6 x 4 5 x x x 4 6 x 6 x 6 x 6 5 x x x x x x 6 4 5 7 4 x 1 x 6 x x 6 x 4 x 4 x 4 x 6 6 x x x x x x x x x x x x x 
5 4 3 5 5 3 1 4 5 5 4 2 x 5 2 6 3 2 5 2 7 3 8 5 2 3 4 6 x 2 6 4 6 2 9 4 x 3 4 5 5 x 3 5 5 5 x 6 6 7 3 5 3 x x 2 6 x x x 6 x 1 5 5 7 4 x 5 4 4 4 4 4 x x 3 3 x 6 3 6 x 3 x 5 3 7 2 5 x 4 x x 2 3 2 x 5 x 2 x 4 8 2 5 3 3 6 2 4 x 4 x x x 4 4 7 3 5 4 x x 2 8 x 4 x 3 x x x x 5 3 3 6 x x 1 5 3 x x 4 x 3 x x 4 4 x x x x 3 5 7 x 4 x x 4 x 5 3 3 x 4 3 x x 1 x x x x x 3 x x x x x 6 x x x x x x x x 5 x x x x x 
6 7 6 5 5 4 5 6 6 4 8 4 6 4 x 7 7 5 6 6 8 6 6 4 6 8 5 5 x x 6 6 8 6 7 6 8 5 5 3 7 9 x 6 4 x 5 x 6 8 5 7 3 5 x x 7 5 7 5 2 x 5 3 7 4 6 6 4 x x 8 x 7 6 x 7 x x 7 7 3 6 7 6 4 8 2 5 7 6 8 5 3 6 5 6 5 x 5 7 6 5 10 6 8 5 7 9 x 8 x 7 x 5 6 x x 8 x 6 7 4 x 5 3 x 3 4 5 5 7 6 x 7 6 x x x x 5 4 7 x x x x 5 4 x 6 x x x 4 9 7 7 x x x x 5 4 x 6 7 5 7 x x 5 6 x 1 x x x x 5 5 x x x x x x x x x x x 7 x x x x x x x 
x 7 5 5 5 5 4 7 5 7 6 4 6 5 4 x x 4 7 4 7 5 7 5 4 1 6 8 5 5 6 2 7 4 11 7 4 3 6 5 5 x x 5 x x 5 x x 6 4 2 6 4 x 4 6 7 x 4 6 3 3 5 7 7 2 x 5 6 5 6 4 5 5 5 x x x x 4 6 x 4 x 5 6 7 x 7 x 6 6 6 5 4 5 x 4 6 4 5 4 9 5 7 6 4 x x 6 5 4 x x 5 5 x x x x 6 x 8 4 8 x 6 x 5 x x x x 8 5 6 9 x 4 4 5 x x 4 2 x 4 x x 5 5 x x x 10 4 x x 6 7 7 x x x x x 4 7 6 4 4 x x x 1 x x x x x x 6 x x x x x x 5 6 x x x x x x 7 x x 
6 6 4 4 5 x x 6 6 6 6 4 2 4 5 6 6 4 6 4 x 3 8 x 2 x 5 5 4 x 6 5 6 4 x 6 7 5 4 5 7 6 x 6 4 x 5 5 6 7 x 6 5 5 6 4 7 5 9 5 6 x 3 5 8 4 x 5 6 4 4 6 x 7 3 5 6 3 4 x 1 5 4 5 6 4 5 6 4 x 6 6 x x 4 3 4 3 x 5 x 6 5 10 4 5 x 1 8 4 6 4 6 8 x 5 x 5 8 4 6 6 6 7 2 x 4 4 x 5 4 4 x 4 7 3 5 8 3 5 3 4 5 4 x x x x 3 5 4 6 3 x x 8 x x x 2 6 x 4 x x 6 5 x x 4 3 5 x x x x 1 x x x x x 2 5 x x x x x 4 5 x 6 x x x x x 9 x 
6 5 3 3 3 2 2 4 5 x 5 3 3 4 4 5 5 x 6 x 8 4 7 x 1 x 5 6 x 3 5 4 6 3 8 4 6 4 3 x x 5 4 5 4 x x 4 x 6 2 x 4 4 5 3 6 5 8 4 5 5 2 4 6 5 x x 4 3 4 5 4 6 4 4 4 2 x x 2 5 3 4 5 4 4 5 x 6 5 5 3 x 3 2 3 2 4 x 4 x 4 x 3 x 5 2 7 3 5 5 5 7 2 4 2 3 x 3 x x 4 6 1 x x 3 x 5 3 3 x 3 x 4 4 7 2 x 2 4 x x 1 2 x x x 4 5 5 x 5 3 x x x x x x x x x x x x x x 3 2 5 6 x x x x 1 2 2 2 3 3 x 2 6 x x 2 x x 5 x 8 3 x 6 4 7 x 
x 4 3 3 3 2 3 5 5 x 4 4 4 x 4 x 5 2 5 x x x 8 3 2 5 4 5 x 2 4 5 4 x x 5 8 x 2 3 5 6 5 4 3 x x 4 4 x 2 5 4 4 4 5 5 4 x 2 4 x 3 3 5 5 6 3 3 3 3 x 4 5 3 x 5 1 x 4 x x 4 4 4 3 6 x 2 5 4 4 4 x 2 2 4 2 x 4 x x 4 7 4 6 4 x 6 4 4 5 4 6 x 3 2 x 7 3 x x 3 5 3 6 5 2 x 4 x 4 x 2 x 3 4 6 x 4 3 3 4 x 2 3 x x x x x 3 x 4 3 x 5 x 7 4 4 4 2 3 x x x 2 4 4 2 x x x x x x 2 1 x x x x x x 4 3 x 3 x 5 x x x 3 x x 3 x x 
4 4 2 2 4 1 3 4 4 3 4 4 4 4 3 4 4 2 5 4 6 4 8 x 2 4 5 4 x 2 4 5 4 x x 4 7 x 2 3 x 7 4 4 x 4 4 5 4 5 1 6 5 3 x 5 5 5 x 3 4 6 3 3 5 5 5 3 4 2 3 x 3 4 3 3 4 3 2 5 3 x 4 3 x 4 6 x x 5 x 4 3 5 2 1 4 x 3 5 3 6 3 7 4 5 x 3 x 5 5 4 4 x x 3 2 2 6 2 4 x 4 x 3 x x 2 2 3 x 5 x 2 7 3 5 6 x 3 3 4 3 5 2 x 3 1 2 x x 4 x 4 2 x 4 x 7 4 x x 2 x x 5 3 1 4 4 1 x 4 3 5 x x 2 x 1 x x 4 x x x x x x 2 x 4 x 7 x x 6 x x x 
4 4 4 3 3 x 3 6 x 4 6 3 5 2 5 x 5 3 4 5 6 4 6 2 3 4 3 5 1 x 4 5 5 4 7 6 7 x 3 x 6 x x 4 2 2 x 3 4 7 2 5 3 3 x x 5 3 7 3 4 x 4 4 5 4 x 4 4 x 2 5 3 5 4 3 6 3 x 5 3 3 4 x x 2 x 4 3 5 x 5 5 3 x 2 3 x x x 5 x x 8 3 5 x x 7 4 6 x 5 x 3 4 x 3 6 4 4 x x x 2 5 x 3 1 3 x 5 x 4 7 4 3 x x 4 3 2 4 x x 3 x x 1 x 4 x x 5 x 8 x 5 7 5 4 x 3 3 x 6 x 2 4 4 x x x x 5 x x 2 x x 1 x 5 x x 5 x 4 x 3 x x x x x x x x x x 
4 x 4 x 5 2 5 6 4 2 6 x 5 4 5 5 5 3 6 5 x 4 6 4 3 6 5 3 3 x 4 6 6 5 x 6 9 x 3 3 6 6 6 4 4 x 5 x x 6 2 5 5 3 x x 5 3 x 3 2 x x 3 x 4 x x 2 4 4 5 3 5 x x 6 2 3 5 x 3 4 5 4 4 6 4 x x 6 x 3 3 3 2 5 2 4 x x 6 3 8 5 x 5 x 7 5 5 x 5 x x 4 3 x 6 4 4 x x 3 3 x 5 1 3 3 3 5 x 4 5 4 5 8 x 5 5 x x x x x x 2 x x x x x x x x x x x x 5 x x 4 4 x x 2 5 x x 3 4 x x x x 3 x x x 1 x x x x x 4 4 x x 6 x x 5 x x x x x 
5 7 5 6 5 4 4 7 x 6 x 5 1 x 4 8 x 3 7 5 7 2 9 x 3 6 x 6 5 x 7 4 7 6 10 7 6 6 5 6 6 7 5 5 5 5 x 6 x x 4 5 4 4 x 6 6 6 10 6 7 5 4 6 7 5 4 6 5 5 6 5 4 5 x x 5 x x 6 2 x 5 4 7 5 6 8 x x x 7 6 7 x 4 5 4 6 5 x 7 4 10 x 6 6 2 x x 5 3 5 x 4 4 4 x 8 5 x x x 6 3 x 6 5 x x x 5 x 5 8 x 4 9 x 4 4 x x x x 4 4 5 x 6 x x 4 5 x x 2 6 x 1 7 x x 5 5 6 x 4 x x 4 x x x x 6 2 3 x 4 5 x 1 x x x x x 4 x x x x x x x x x x x 
4 4 4 4 1 3 x 4 4 6 4 6 5 2 5 6 5 5 3 5 6 x x 2 3 4 3 x x 4 x 5 7 x 7 4 7 6 5 4 4 x 5 4 2 2 1 3 2 7 3 5 3 3 x 4 5 3 7 5 6 6 4 4 3 4 5 5 x 3 4 x 3 x 6 1 x x 4 5 5 3 6 5 2 2 x 4 5 x x 3 5 3 4 3 6 x 3 x x x 3 x 6 6 3 5 7 x 5 x 3 6 x 4 x x x 4 x 4 4 5 3 5 4 5 3 3 x 5 3 4 9 5 x 8 3 5 5 2 5 x x 5 x x 3 6 4 6 x 5 x x 6 x x 5 4 x 4 x x x 5 3 4 6 3 3 4 x x x 5 x x x x x x 1 x 5 x x 4 x 3 x x x x x x x x x 
5 4 3 5 5 3 1 4 5 5 x 2 4 x 2 6 3 2 5 2 6 3 8 x 2 x 4 6 4 2 6 4 6 2 9 4 6 3 4 x 5 7 3 5 5 5 5 5 x x 3 5 3 4 x 2 6 5 9 2 6 5 x 5 5 6 4 5 5 4 4 x 4 4 3 x 3 x x 6 3 6 2 3 x 5 3 7 2 5 6 4 4 6 2 x 2 3 x x x 7 4 x 2 5 3 3 6 2 4 x 4 6 x 3 x 4 7 3 x 4 x x 2 8 x 4 4 4 2 4 x x 5 3 3 6 x 3 1 5 4 x 2 4 3 3 x x 4 4 3 x 4 9 3 x 8 x 5 x x x x 5 x 3 5 x x x x x x x x 2 x x x x x x 1 x x 4 x x x 5 x x x x x x x x 
x 7 6 5 5 4 7 7 6 2 4 7 6 6 7 7 7 x 8 7 x x x x 5 8 7 1 x 5 6 6 6 7 9 8 8 7 5 5 x x 8 x x x 5 5 6 8 x 8 7 x 7 x 7 5 x 5 4 x x 5 5 6 6 6 4 5 5 8 x 3 x 5 x 5 5 x 5 5 6 4 x 6 x 6 5 7 x x 5 5 5 4 7 x 7 5 7 8 5 x 7 x x 5 x 7 8 5 7 6 5 4 x x x x x 8 4 x 5 7 x 3 5 5 x 7 5 x 7 x x 8 4 4 7 6 4 7 6 7 x x 5 x x 7 x x x x 7 7 x 6 7 x 5 6 x x 6 4 7 7 4 x 6 6 x x x 6 4 x 5 x x 5 x 1 x x x 5 x x 7 x x 6 x x x x 
6 x 4 4 x 4 3 6 6 x 2 4 6 6 4 6 5 4 7 4 x x 9 x x 6 5 5 4 x 6 7 6 x 10 6 9 5 4 5 7 8 6 6 x 6 5 7 x 7 3 7 5 x x 4 7 7 10 4 5 x x 5 3 8 7 x 5 5 5 x 5 7 5 5 x 3 x 7 5 7 x 5 x 6 5 8 x 7 x 2 5 7 4 3 4 x 5 x 4 7 5 10 4 6 6 5 7 x 6 6 7 x 3 6 x 5 8 4 6 x 6 x 4 9 x x 4 5 x 7 4 4 8 5 5 x x 5 3 x 5 x 4 6 5 3 x 5 6 5 x x 5 x 5 5 x 6 x x x x x x x 3 x 6 3 x 6 x x x x x 3 x x x x x x x 3 x x 4 x x x 9 5 x 7 x x x 
3 5 5 5 4 4 4 7 3 5 7 5 x 3 4 7 x 6 5 x 5 4 x x x 4 4 6 4 5 5 3 7 6 8 7 5 6 4 6 7 5 x 3 x 3 4 4 5 7 4 2 4 2 x 5 4 4 8 6 6 x x 7 x 5 3 x 3 6 5 6 x 6 4 4 6 x 5 x 7 4 5 4 5 3 5 5 6 6 x 7 4 x 5 4 4 4 6 4 x 5 2 7 5 7 4 6 8 x 6 3 6 8 x x 4 4 x 5 x 7 3 x 6 x 6 4 x 2 6 4 6 x 8 4 4 9 x 4 4 x 4 6 6 5 4 x x x 3 x 5 x 6 7 x 6 x x 5 x 3 6 x x x 4 x 7 4 x x x x x x x x x 4 4 x x 4 x x 1 4 x x x x x x x x x x x 
x 4 3 5 5 4 1 5 4 x 4 2 4 5 x 7 3 2 5 2 6 x 7 x 2 4 4 6 4 2 6 x 6 x 9 5 7 x 5 6 5 x x 4 x 5 5 5 5 7 4 x 3 3 4 2 5 6 9 2 5 x 1 6 5 6 x x 5 5 5 3 3 5 3 5 3 3 x 5 3 6 2 4 5 5 3 7 2 5 6 4 x x 2 4 2 4 6 x 2 x 3 x 2 4 4 3 x x 3 x 5 6 3 x x x x 3 x x x 5 2 8 2 4 4 3 x x 2 3 5 3 3 6 4 4 1 x x 2 x 4 4 4 4 5 x 4 3 x 5 x x 5 x 4 x x 4 5 x 6 x 4 x x x x x x x x x 2 3 x x 4 4 4 x x x 4 1 x x x x x x x x x x x 
5 3 3 3 4 x 4 5 5 4 5 5 5 5 4 5 5 x 6 x 7 4 7 x 3 5 6 5 3 3 5 6 5 5 x 5 8 6 3 4 6 x 5 5 5 5 x 6 5 6 2 4 6 4 x 5 6 6 10 4 5 7 4 x 6 7 6 x 5 x 4 5 4 x 4 4 5 2 3 x 4 x 5 4 5 4 7 7 3 6 5 x 4 6 3 2 x 2 x 6 x x 4 x 5 7 5 4 6 5 5 x 5 7 2 4 x 3 7 3 5 x x x 3 x x 3 3 x x 6 3 3 x 4 6 7 2 4 4 5 4 x 3 4 x 2 3 4 5 5 x x 3 7 5 x x x x x x x x x 4 x 3 5 x x x x x 5 4 x x 2 3 x x x x 5 4 x x 1 x x x x x x x x x x 
4 2 4 6 3 4 5 6 4 7 6 x 6 2 5 6 x 5 4 7 x x x x 4 x 3 7 x x 4 7 7 x x 6 9 6 5 6 6 6 6 4 2 2 3 3 4 7 5 5 3 x 2 4 5 3 7 5 6 6 5 6 5 4 x 7 4 5 4 5 3 5 5 3 5 5 6 x 5 x x 5 4 x x 4 6 5 4 x x 3 6 5 4 5 6 3 x 4 3 8 4 8 3 x 9 x x 4 5 x 5 4 x x 6 4 x 6 4 5 4 x x x 3 3 x x x x 9 5 3 10 x 5 5 2 5 x 4 5 5 x 3 x 4 6 x x x x x x 7 6 x 2 x x x x 7 x 2 4 5 x x x x 6 5 x 5 x x x x 3 x x x x x x 3 x x x x x x x x x 
6 7 6 5 5 4 5 8 6 5 8 6 6 4 7 7 7 6 6 6 x 7 8 4 5 7 5 4 3 x 4 8 7 6 9 8 7 7 5 6 9 9 7 x 4 x x 5 x 9 x x 5 5 7 6 7 5 x 5 6 7 x 6 7 6 x x 6 x 2 8 x 4 x x 8 x 5 7 x x 6 5 x 4 8 x x 3 x 8 x 5 5 4 5 x x x 7 6 5 10 5 8 5 5 7 6 8 6 8 x x 6 3 6 x 6 6 8 x x 5 7 x 6 x 5 6 x 5 x 9 x 5 7 x 6 5 4 x x x 6 5 4 x x x x 6 x 5 9 x x x x 7 7 x x x x 6 x 7 x 4 x x x x x x 5 x 4 x 6 x x 5 x x x x x x 3 x x x x x x x x 
x x 6 5 5 5 6 8 4 6 8 6 6 x 5 7 6 6 6 7 x 5 8 4 5 7 5 7 5 x 6 6 7 5 9 8 8 x 6 x 6 6 7 4 4 x x x x 9 5 5 5 3 6 5 5 6 9 5 6 8 x 6 7 6 x 7 4 5 6 6 3 x 5 5 7 x x x x x x 5 5 4 4 x x 6 6 x 5 x 5 4 5 x x x x 6 3 8 6 x x x x 5 7 x 5 x 5 6 x 5 x 6 4 x 4 7 5 5 5 5 x 3 x 5 x 6 9 5 5 x x 6 6 x 5 x x 7 6 4 5 x 4 7 7 x 5 x 8 x x 6 x x 6 5 x 8 x x 6 8 4 x x x 7 x 6 x x x x x x x x 7 x x x x x x 3 x x x x x x x 
8 4 8 8 5 x 7 8 8 9 x 9 10 6 x 10 9 7 4 9 x 9 10 x 8 x 7 x 7 8 6 7 10 8 11 8 9 x 9 x 8 10 8 x 6 6 5 7 x x 7 7 7 7 4 8 9 7 x 8 9 6 x 9 x 8 7 10 8 7 9 9 x 7 9 5 9 x 8 9 9 7 8 7 6 6 x 8 8 7 6 7 9 7 8 7 6 7 8 7 8 x x x 6 x 8 9 4 8 9 x 8 9 x 7 x 8 x 8 x 8 x x 8 9 8 8 8 7 7 x 8 x 11 9 7 12 7 x 7 6 x 9 8 9 x x 8 x x 5 9 x 7 12 x 9 11 x x x 6 8 6 x 9 7 4 6 x x x x x x x 8 x 7 x x x x x x 9 x x x x x x 5 5 7 x x 11 x 
4 x 4 5 1 3 4 4 x x 4 6 6 2 5 6 x 4 4 6 6 5 x 2 3 5 3 5 3 5 2 5 7 4 7 4 7 5 4 4 4 7 5 4 2 x 1 3 2 7 3 6 3 3 x x 5 3 7 5 5 x 5 4 x 4 5 5 4 3 5 4 3 3 5 1 5 3 4 6 4 x x 5 x 2 6 x 4 3 2 3 5 3 4 3 5 3 3 3 5 x 3 8 5 6 3 5 7 x 4 x 3 x 3 4 x x 6 4 x x 4 x 3 5 x x 3 3 x 5 x 4 x 5 x 8 3 x 5 2 5 x 3 x 5 x 4 5 x 6 4 x x 8 x 5 x 6 4 x x 3 x x x 3 4 5 3 x x 5 x x x 3 3 x x 5 x x x x 5 x x x x x x 5 1 x x x x x 
5 7 3 5 7 4 5 5 5 x 7 6 6 5 x 3 x 5 7 x x x 9 5 4 x 6 6 x 6 7 6 7 6 10 5 8 6 5 6 7 8 x 5 5 5 6 6 7 5 x 6 6 4 7 5 6 x x 4 5 7 5 6 8 7 6 6 3 5 7 6 4 6 5 6 5 4 5 6 6 x x 4 7 5 7 x x 8 x 7 2 6 6 4 6 4 6 x 4 7 x 9 6 x 6 x 6 6 6 x 8 x 4 5 5 4 x 3 x x 3 x 4 8 6 4 6 x 6 6 4 3 6 5 6 9 x x 5 5 x x x x 4 x x x x x x 6 5 x x x x x x x 5 5 x x 7 4 x 6 4 x x x x x x x x x x x x x x 6 x x x x x x x 7 x 3 x x x x 
6 x 5 7 7 5 5 x 7 5 8 x 4 7 x x 5 4 9 6 8 x 10 7 x 7 6 6 x 6 5 8 x 7 x 7 10 7 6 4 8 8 7 6 7 7 7 8 5 5 6 7 8 x 8 7 8 6 x 6 5 7 5 4 9 9 8 x 5 5 7 6 x x 3 7 5 5 7 8 5 8 6 6 5 x 8 7 4 7 x 8 x 8 x 6 6 x 8 6 4 9 6 x x x 8 5 x 6 6 x 6 10 5 x 6 6 x 5 7 8 x x 7 x x 6 6 6 4 8 6 5 9 3 8 10 6 6 5 7 6 x 6 5 x 6 x 7 5 8 5 x 5 x x x x x x x x x x 7 7 6 8 8 6 x x x x x x 6 x 6 x x x x x x 7 x x x x x x x x x 5 x x x 
x 7 5 x 6 3 5 x x x 6 4 6 x 6 7 6 4 7 6 8 6 10 6 4 7 6 6 4 4 6 8 6 4 11 2 8 7 4 5 x 9 7 6 5 5 x 6 6 x 3 7 6 x 7 4 7 6 x 4 6 9 5 5 7 7 8 5 6 x 5 3 x 6 5 6 x 4 4 x 6 x x 6 6 5 x 7 4 x 7 7 6 x 4 3 6 x x x 6 8 6 x 6 7 6 x 8 4 x x 6 7 x 5 x 4 x 5 x 6 6 x x x 4 4 4 5 4 6 x 5 9 5 6 9 x x x 6 6 x x 6 x x x x x x x x 4 x 7 6 9 x 7 x x 4 x 7 x 3 x 7 3 x x x x 7 x 4 3 x x x x x x x x x x x x x x x x x x 3 x x 
6 8 8 8 7 6 6 9 6 8 9 7 9 6 7 10 9 7 8 7 x 7 10 x 7 8 7 9 7 x 8 9 9 7 11 10 10 x 7 8 x 8 8 6 6 x x 7 8 x 6 7 8 5 8 7 7 7 x 7 9 x 6 8 10 8 9 x 6 7 8 8 5 9 8 7 x 7 x 7 8 7 7 7 8 6 8 8 x x x 9 7 7 7 6 7 6 8 x 7 x 5 10 x 9 7 9 x 7 8 x 9 11 7 8 x x 8 8 6 x 6 x 7 9 x 7 x 5 x x 7 8 10 8 x 11 x 7 6 6 x 7 x 9 x x x x 6 9 8 9 7 x x x x x x 8 7 7 x x x 6 x 9 6 x x x x x 9 7 x x x x x x x x x x x x x x x 11 x x x x 9 x 
x 4 2 2 4 1 x 4 x 3 4 5 4 4 3 x 4 2 6 5 6 4 8 3 2 4 5 4 3 2 4 5 4 4 x 4 7 5 2 3 x 6 4 4 4 x 4 5 4 x x x 5 3 4 4 5 5 9 3 4 6 3 3 6 6 5 3 4 2 3 x 3 5 4 x x 3 2 5 3 5 5 3 4 4 5 6 2 5 x 4 x 5 2 1 5 1 x x 3 6 3 x x 5 x 3 5 5 4 x 4 6 3 3 3 x x 2 4 x 4 5 2 x 4 2 x 3 x 4 2 x x 3 x 6 x 3 4 4 3 x 2 3 x 1 x x 4 4 x x 2 x x x 8 4 x x x 2 4 x x x 4 4 x x x x x x x x x x x x x x x x x x x x x x x x x x x x x 1 
