50
0 1 2 3 4 5 6 7 8 9 10 11 12 13 14 15 16 17 18 19 20 21 22 23 24 25 26 27 28 29 30 31 32 33 34 35 36 37 38 39 40 41 42 43 44 45 46 47 48 49 
0
1 2 2 1 2 3 3 3 4 1 3 1 1 x 5 4 1 1 4 x 3 7 1 2 1 x x x 2 3 x 1 4 x 3 2 x x x 1 1 1 2 2 x x 1 1 1 2 
2 1 3 2 1 4 x 3 3 x 3 x x 1 6 x 1 1 3 2 4 6 1 x 1 1 x 1 3 3 2 x 4 8 x x x x 2 x 2 2 3 1 2 x 2 x 2 3 
2 3 1 2 x 2 x x x 2 x 3 x 2 6 5 2 x 5 2 2 x 3 4 x 3 3 3 3 3 2 x x 8 2 x x 3 2 x x 2 x 3 x x 2 2 2 1 
1 2 2 1 x 4 4 2 x 1 4 x x 1 x 4 1 x x 1 4 6 1 x 1 x 2 2 2 x 1 2 x 7 3 x 1 1 1 1 1 x 2 2 1 1 1 1 1 2 
2 1 x x 1 4 3 3 3 x 3 1 2 1 6 5 1 1 3 2 x x 1 2 1 1 3 x 3 3 2 1 4 8 2 2 1 1 2 x 2 2 x 1 2 2 2 2 x 3 
3 4 2 4 4 1 6 x 5 3 x 3 3 3 8 6 3 x 6 3 x 9 4 5 3 3 4 4 5 4 3 3 6 9 3 4 x 3 3 4 3 x 5 4 3 3 3 3 x 2 
3 x x 4 3 6 5 5 5 4 x x x 3 6 7 3 3 x 4 6 x x x 3 3 x 3 4 4 x 3 x 9 4 x 3 3 4 x 3 x 4 3 x 3 3 3 3 4 
3 3 x 2 3 x 5 3 x 3 x x x 2 x 5 x 2 x 3 x 7 3 x 3 x 4 3 3 4 x 2 6 x 3 3 3 x 2 x 2 3 3 3 3 x 2 2 x 4 
4 3 x x 3 5 5 x 5 4 5 x 4 3 8 x x 3 x 4 x 8 3 4 3 x x 3 4 4 3 3 6 10 5 x 3 4 4 4 4 x x 3 3 4 4 4 x 4 
1 x 2 1 x 3 4 3 4 50 x 1 1 1 5 4 1 1 4 1 3 7 2 2 2 1 2 2 2 3 1 1 4 7 3 2 1 1 1 1 1 1 2 2 x 1 1 1 1 2 
3 3 x 4 3 x x x 5 x 5 x 4 3 8 6 3 3 5 4 6 9 3 5 3 x 5 3 5 x 3 3 6 x 4 4 3 3 4 4 3 3 5 4 3 4 4 4 3 x 
1 x 3 x 1 3 x x x 1 x 1 x 1 5 4 1 1 x x 3 7 1 3 x 1 2 1 2 2 1 1 4 x x 2 1 1 2 1 1 1 x x x 1 1 1 1 x 
1 x x x 2 3 x x 4 1 4 x 1 1 5 4 1 1 4 1 x 7 2 2 2 1 2 2 2 2 1 x 4 7 3 2 1 1 1 1 1 1 2 2 1 1 1 1 1 2 
x 1 2 1 1 3 3 2 3 1 3 1 1 1 x 4 1 x 4 2 4 6 1 2 x 1 2 1 2 3 1 1 4 x 2 2 1 1 2 1 1 1 x 1 1 1 1 1 1 2 
5 6 6 x 6 8 6 x 8 5 8 5 5 x 2 x x x 8 x x 7 5 x 5 5 x 6 6 6 5 5 8 11 7 6 5 x x x x 5 6 6 x x x 5 5 x 
4 x 5 4 5 6 7 5 x 4 6 4 4 4 x 7 x 4 7 5 6 9 4 x x 4 5 4 5 x 4 4 7 x 5 5 4 4 5 x 4 x 5 4 4 4 x 4 4 5 
1 1 2 1 1 3 3 x x 1 3 1 1 1 x x 1 1 4 x x x x 2 1 1 x x 2 3 1 1 x 7 x x 1 1 x 1 1 1 2 1 1 1 x x 1 2 
1 1 x x 1 x 3 2 3 1 3 1 1 x x 4 1 1 x x 3 7 1 x x 1 2 x 2 3 1 1 x 8 x 2 1 1 x 1 1 x 2 1 x x 1 x 1 2 
4 3 5 x 3 6 x x x 4 5 x 4 4 8 7 4 x 3 3 6 8 4 2 4 x 5 3 x 3 x 3 x x 4 4 x 4 3 4 4 4 4 3 4 4 3 x 4 x 
x 2 2 1 2 3 4 3 4 1 4 x 1 2 x 5 x x 3 1 3 7 2 3 2 2 x 2 2 2 2 x 5 7 3 x 2 x x 1 1 1 x x 1 x x x 1 2 
3 4 2 4 x x 6 x x 3 6 3 x 4 x 6 x 3 6 3 1 9 x 4 3 3 4 4 5 5 x 4 x 9 3 5 3 3 3 4 3 3 5 4 x 3 3 3 3 2 
7 6 x 6 x 9 x 7 8 7 9 7 7 6 7 9 x 7 8 7 9 11 7 7 6 6 8 6 7 8 6 6 x 13 7 7 6 x 6 6 7 x 7 x x 6 x x x x 
1 1 3 1 1 4 x 3 3 2 3 1 2 1 5 4 x 1 4 2 x 7 1 2 1 1 x x 2 3 1 x 4 x 2 x 1 1 2 1 1 1 2 1 1 2 2 2 x 3 
2 x 4 x 2 5 x x 4 2 5 3 2 2 x x 2 x 2 3 4 7 2 3 2 2 3 x 3 2 2 2 5 7 3 3 2 x x 2 x 2 x x x 2 x x 2 x 
1 1 x 1 1 3 3 3 3 2 3 x 2 x 5 x 1 x 4 2 3 6 1 2 1 1 2 1 2 3 1 1 4 8 2 2 1 2 2 1 1 1 2 x 1 1 1 1 1 2 
x 1 3 x 1 3 3 x x 1 x 1 1 1 5 4 1 1 x 2 3 6 1 2 1 1 2 x 2 x 1 1 x x 2 x x 1 2 x x x 2 x x x x x x 2 
x x 3 2 3 4 x 4 x 2 5 2 2 2 x 5 x 2 5 x 4 8 x 3 2 2 3 3 x 4 2 2 5 x 4 3 x x x x x x x x x x x 2 2 3 
x 1 3 2 x 4 3 3 3 2 3 1 2 1 6 4 x x 3 2 4 6 x x 1 x 3 1 2 x x x 4 x 2 2 1 x x 2 x x 2 x x 2 x 2 2 3 
2 3 3 2 3 5 4 3 4 2 5 2 2 2 6 5 2 2 x 2 5 7 2 3 2 2 x 2 1 4 2 2 5 8 x x 2 2 x 2 x 2 1 3 x x x 2 2 3 
3 3 3 x 3 4 4 4 4 3 x 2 2 3 6 x 3 3 3 2 5 8 3 2 3 x 4 x 4 3 3 2 x 8 4 4 2 3 2 3 3 x 4 2 x 3 3 3 3 4 
x 2 2 1 2 3 x x 3 1 3 1 1 1 5 4 1 1 x 2 x 6 1 2 1 1 2 x 2 3 1 1 4 8 x 2 1 1 2 1 1 1 2 x 1 1 1 1 1 2 
1 x x 2 1 3 3 2 3 1 3 1 x 1 5 4 1 1 3 x 4 6 x 2 1 1 2 x 2 2 1 1 4 8 x 2 1 1 2 1 1 1 2 1 1 1 1 1 1 2 
4 4 x x 4 6 x 6 6 4 6 4 4 4 8 7 x x x 5 x x 4 5 4 x 5 4 5 x 4 4 7 x 5 x 4 x x x x x x 4 x x x 4 4 x 
x 8 8 7 8 9 9 x 10 7 x x 7 x 11 x 7 8 x 7 9 13 x 7 8 x x x 8 8 8 8 x 11 9 x x x x x 7 x 9 x x x 7 7 x x 
3 x 2 3 2 3 4 3 5 3 4 x 3 2 7 5 x x 4 3 3 7 2 3 2 2 4 2 x 4 x x 5 9 3 x x x x x x x x x x 3 x 3 x x 
2 x x x 2 4 x 3 x 2 4 2 2 2 6 5 x 2 4 x 5 7 x 3 2 x 3 2 x 4 2 2 x x x 3 2 2 3 2 2 2 x 2 2 2 2 2 2 3 
x x x 1 1 x 3 3 3 1 3 1 1 1 5 4 1 1 x 2 3 6 1 2 1 x x 1 2 2 1 1 4 x x 2 1 x 2 x 1 1 2 x x x 1 1 x x 
x x 3 1 1 3 3 x 4 1 3 1 1 1 x 4 1 1 4 x 3 x 1 x 2 1 x x 2 3 1 1 x x x 2 x 1 x x 1 x 2 x x x x x x x 
x 2 2 1 2 3 4 2 4 1 4 2 1 2 x 5 x x 3 x 3 6 2 x 2 2 x x x 2 2 2 x x x 3 2 x 1 x x x x 2 x 1 x x 1 3 
1 x x 1 x 4 x x 4 1 4 1 1 1 x x 1 1 4 1 4 6 1 2 1 x x 2 2 3 1 1 x x x 2 x x x 1 1 1 2 x 1 x 1 1 1 2 
1 2 x 1 2 3 3 2 4 1 3 1 1 1 x 4 1 1 4 1 3 7 1 x 1 x x x x 3 1 1 x 7 x 2 1 1 x 1 1 x 2 2 x x x x x x 
1 2 2 x 2 x x 3 x 1 3 1 1 1 5 x 1 x 4 1 3 x 1 2 1 x x x 2 x 1 1 x x x 2 1 x x 1 x 1 x x x x x x x x 
2 3 x 2 x 5 4 3 x 2 5 x 2 x 6 5 2 2 4 x 5 7 2 x 2 2 x 2 1 4 2 2 x 9 x x 2 2 x 2 2 x 1 3 x x 2 x 2 x 
2 1 3 2 1 4 3 3 3 2 4 x 2 1 6 4 1 1 3 x 4 x 1 x x x x x 3 2 x 1 4 x x 2 x x 2 x 2 x 3 1 1 x 2 x x x 
x 2 x 1 2 3 x 3 3 x 3 x 1 1 x 4 1 x 4 1 x x 1 x 1 x x x x x 1 1 x x x 2 x x x 1 x x x 1 1 x x x 1 x 
x x x 1 2 3 3 x 4 1 4 1 1 1 x 4 1 x 4 x 3 6 2 2 1 x x 2 x 3 1 1 x x 3 2 x x 1 x x x x x x 1 1 x x 2 
1 2 2 1 2 3 3 2 4 1 4 1 1 1 x x x 1 3 x 3 x 2 x 1 x x x x 3 1 1 x 7 x 2 1 x x 1 x x 2 2 x 1 1 x x x 
1 x 2 1 2 3 3 2 4 1 4 1 1 1 5 4 x x x x 3 x 2 x 1 x 2 2 2 3 1 1 4 7 3 2 1 x x 1 x x x x x x x 1 x x 
1 2 2 1 x x 3 x x 1 3 1 1 1 5 4 1 1 4 1 3 x x 2 1 x 2 2 2 3 1 1 4 x x 2 x x 1 1 x x 2 x 1 x x x 1 x 
2 3 1 2 3 2 4 4 4 2 x x 2 2 x 5 2 2 x 2 2 x 3 x 2 2 3 3 3 4 2 2 x x x 3 x x 3 2 x x x x x 2 x x x 1 
