100
NewYork LosAngeles Chicago Houston Phoenix Philadelphia SanAntonio SanDiego Dallas SanJose Austin Jacksonville SanFrancisco Columbus Indianapolis FortWorth Charlotte Seattle Denver ElPaso Washington Boston Detroit Nashville Memphis Portland OklahomaCity LasVegas Louisville Baltimore Milwaukee Albuquerque Tucson Fresno Sacramento Mesa KansasCity Atlanta LongBeach ColoradoSprings Raleigh Miami VirginiaBeach Omaha Oakland Minneapolis Tulsa Arlington NewOrleans Wichita Cleveland Tampa Bakersfield Aurora Honolulu Anaheim SantaAna CorpusChristi Riverside Lexington StLouis Stockton Pittsburgh SaintPaul Cincinnati Anchorage Henderson Greensboro Plano Newark Lincoln Toledo Orlando ChulaVista Irvine FortWayne JerseyCity Durham StPetersburg Laredo Buffalo Madison Lubbock Chandler Scottsdale Glendale Reno Norfolk WinstonSalem NorthLasVegas Irving Chesapeake Gilbert Hialeah Garland Fremont BatonRouge Richmond Boise London
London
154891335 169 166 110 182 179 162 117 195 172 143 135 156 161 185 108 101 148 148 124 113 163 138 178 192 119 143 170 116 109 187 155 103 121 147 171 197 135 131 102 141 112 141 172 163 103 140 174 192 177 132 168 119 108 165 151 131 130 166 142 164 101 182 112 193 126 145 180 112 181 101 172 160 122 102 132 164 131 161 105 158 142 191 196 135 141 160 106 148 138 144 136 136 192 178 127 151 185 139 182 
169 107122971 188 164 160 189 108 182 101 189 157 177 143 170 136 176 141 135 182 130 177 105 157 107 148 115 132 161 100 194 114 137 176 101 170 178 184 126 123 117 100 127 117 136 115 197 186 174 118 174 180 127 146 115 196 168 194 144 191 198 135 167 166 155 117 136 162 118 131 193 147 114 123 171 193 131 132 156 186 133 134 142 120 116 192 141 196 144 182 155 117 187 195 197 172 163 155 162 168 144 
166 188 105679854 153 197 170 105 115 161 147 153 180 158 132 161 170 195 153 116 179 170 158 183 175 172 164 166 175 133 158 185 145 161 197 101 147 114 127 155 125 148 173 125 150 108 186 146 173 152 145 189 195 110 103 122 120 183 158 163 103 105 151 159 130 110 191 169 193 118 130 192 184 121 120 102 141 179 143 146 116 126 190 134 195 108 182 121 185 178 155 118 101 123 138 177 189 104 150 175 105 
110 164 153 131989062 136 163 192 112 173 125 116 155 151 168 198 110 102 117 193 175 184 112 188 124 195 191 107 150 143 141 148 102 188 133 152 168 154 169 122 198 104 116 118 128 115 112 163 117 157 131 148 162 135 135 122 198 147 124 145 150 197 192 142 171 188 146 170 150 169 184 182 104 183 106 161 141 170 134 177 111 190 133 190 104 137 118 152 171 175 145 135 172 151 197 141 136 174 127 174 161 
182 160 197 136 176798432 142 166 106 166 137 137 116 110 127 170 102 103 100 109 169 173 120 145 197 168 138 139 176 146 108 160 114 122 136 136 124 143 167 180 193 169 176 152 126 172 172 104 153 108 125 189 147 159 180 197 135 191 117 133 123 173 108 140 183 186 136 179 147 112 144 114 188 159 101 172 141 117 164 196 117 124 154 186 133 115 109 139 197 194 194 148 163 108 173 130 125 196 147 160 109 
179 189 170 163 142 121238973 102 196 187 179 115 197 148 101 116 148 176 186 133 194 187 112 111 180 143 114 161 104 182 134 137 111 122 118 149 158 109 181 140 116 186 137 162 128 167 194 113 127 138 173 171 183 141 177 149 111 146 189 144 168 157 186 174 163 174 123 104 126 195 171 128 179 119 192 171 149 133 186 193 190 148 162 185 135 130 113 161 188 179 131 118 136 119 146 121 124 151 115 196 147 
162 108 105 192 166 102 162734782 186 162 184 125 187 198 108 120 156 117 156 191 104 106 107 159 130 144 182 158 112 104 110 168 194 142 142 169 114 178 152 108 129 152 107 166 105 168 156 188 162 114 169 170 113 192 175 167 163 169 152 146 173 101 107 190 102 171 157 111 157 136 167 158 152 176 119 139 114 157 198 146 156 130 169 134 124 128 136 185 117 188 124 148 187 130 175 133 168 107 167 123 182 
117 182 115 112 106 196 186 122984422 115 113 126 147 184 116 123 187 197 164 158 196 151 101 105 173 166 119 190 179 188 156 122 124 121 147 112 172 195 138 143 173 104 157 122 168 112 104 129 186 175 156 149 132 127 172 104 137 172 102 100 107 159 129 167 122 150 166 136 193 101 179 114 158 195 128 177 108 154 170 100 105 154 195 146 193 125 103 133 128 143 149 123 109 137 155 192 101 106 124 153 196 
195 101 161 173 166 187 162 115 108704873 143 194 160 183 179 142 120 192 114 121 193 149 103 135 184 124 122 169 108 117 126 134 193 173 178 189 106 145 174 145 125 163 189 191 141 106 107 152 130 170 137 194 176 123 100 142 164 182 149 175 172 168 177 110 110 100 108 124 167 171 182 143 193 138 173 185 198 123 171 184 164 107 100 143 165 185 120 170 177 191 123 146 145 181 138 117 110 115 100 116 172 
172 189 147 125 137 179 184 113 143 170499254 122 188 130 198 127 168 102 142 147 105 189 149 178 160 156 148 140 180 155 181 154 136 156 139 135 151 132 163 102 133 178 119 122 177 173 195 148 101 155 105 159 149 175 158 135 130 119 152 123 101 104 156 130 148 124 149 137 187 127 152 151 177 154 128 114 134 170 117 139 178 124 110 175 119 188 104 182 163 102 117 100 172 152 174 123 128 112 164 198 114 
143 157 153 116 137 115 125 126 194 122 112877770 140 156 118 189 178 127 154 113 118 197 159 126 126 171 119 103 154 104 149 168 175 149 112 147 145 180 126 113 120 198 106 175 130 101 121 120 162 134 155 109 180 111 149 135 183 112 119 123 175 183 154 174 143 134 197 171 158 161 190 197 145 115 121 131 194 187 198 131 124 101 121 173 135 119 145 168 114 166 167 126 171 130 132 114 146 186 185 190 194 
135 177 180 155 116 197 187 147 160 188 140 153036699 140 139 186 105 172 153 149 111 141 106 163 164 147 179 170 138 100 146 110 154 109 139 175 145 181 159 135 181 129 157 158 158 144 118 147 153 164 163 171 197 151 158 157 151 152 149 196 177 164 116 108 124 155 194 150 157 171 179 138 112 160 105 171 167 164 148 183 139 116 193 108 189 139 101 175 138 147 121 172 155 144 188 101 101 113 170 162 155 
156 143 158 151 110 148 198 184 183 130 156 140 170274056 127 165 109 137 189 159 118 194 180 133 118 189 111 152 178 141 140 149 132 120 112 135 113 111 140 149 168 193 187 166 106 198 180 170 195 125 119 180 123 105 196 157 137 176 127 190 175 100 143 191 194 160 180 138 151 187 185 130 120 197 113 114 120 125 170 180 134 171 130 120 109 195 110 198 152 149 185 126 144 153 133 174 171 170 194 140 159 
161 170 132 168 127 101 108 116 179 198 118 139 127 188739050 157 125 112 196 118 118 101 154 103 148 183 151 143 180 172 131 113 161 112 173 183 170 123 164 155 143 126 186 123 135 112 178 169 161 168 166 124 100 148 140 171 181 102 116 166 173 171 190 136 142 171 191 157 189 109 150 192 157 175 135 130 156 161 139 145 127 101 119 106 162 127 129 111 188 173 156 171 183 166 188 138 134 129 133 150 148 
185 136 161 198 170 116 120 123 142 127 189 186 165 157 178772851 184 129 103 183 194 141 103 164 191 166 118 154 149 178 167 115 127 137 178 124 149 143 181 181 196 133 118 117 193 100 165 104 174 118 110 100 133 198 192 168 139 163 194 127 115 168 165 144 144 135 129 140 108 110 137 119 165 162 157 193 136 122 141 148 100 123 178 103 173 114 183 114 110 130 127 140 193 143 116 118 134 105 119 197 110 
108 176 170 110 102 148 156 187 120 168 178 105 109 125 184 138292803 149 101 173 165 115 171 179 177 149 140 172 104 175 126 115 112 143 177 151 148 138 154 123 109 108 129 133 105 122 118 134 105 194 168 142 196 157 186 117 137 114 171 151 177 164 115 132 184 170 105 130 141 147 113 137 186 138 179 147 106 196 138 116 165 182 107 160 164 192 149 175 171 137 166 135 156 155 131 136 163 177 177 167 147 
101 141 195 102 103 176 117 197 192 102 127 172 137 112 129 149 174386698 114 186 128 144 168 154 101 101 153 145 100 167 198 120 176 143 149 116 149 139 170 139 105 189 189 118 177 174 101 167 138 165 130 123 173 108 143 157 186 186 136 131 186 108 150 110 162 193 157 177 148 112 139 177 131 141 159 136 175 112 160 178 124 128 142 193 181 114 164 190 123 125 115 170 157 180 134 111 119 163 158 140 186 
148 135 153 117 100 186 156 164 114 142 154 153 189 196 103 101 114 173649821 108 101 161 181 128 102 195 194 134 170 138 113 132 152 171 174 145 187 197 133 168 101 166 150 106 100 115 121 130 157 118 112 152 156 114 126 113 129 128 173 109 179 171 101 180 111 131 156 154 177 143 135 152 119 198 180 170 114 166 124 110 152 124 179 162 173 110 192 187 132 144 165 128 173 154 175 191 142 198 125 146 110 
148 182 116 193 109 133 191 158 121 147 113 149 159 118 183 173 186 108 136392963 125 170 188 195 188 148 141 193 142 149 109 176 129 137 169 167 115 162 132 170 128 108 160 109 157 195 162 157 197 132 168 159 163 197 191 102 177 190 164 183 101 150 165 159 106 162 167 123 194 144 113 121 173 149 111 127 136 125 100 174 149 166 157 149 175 158 143 113 152 186 171 152 114 108 159 141 114 100 125 138 188 
124 130 179 175 169 194 104 196 193 105 118 111 118 118 194 165 128 101 125 131580951 156 145 150 118 187 191 169 198 172 114 171 179 151 159 148 143 100 120 102 106 153 107 130 106 153 188 150 196 115 193 124 181 159 150 151 103 137 163 188 132 115 148 148 137 197 120 123 128 181 177 158 153 118 134 162 126 185 168 162 189 126 169 142 196 137 147 129 161 151 159 125 116 132 111 194 167 191 185 144 184 
113 177 170 184 173 187 106 151 149 189 197 141 194 101 141 115 144 161 170 156 155733127 112 151 105 111 156 139 176 184 101 179 113 131 158 131 159 160 116 170 187 134 151 121 125 190 116 191 159 196 165 169 137 127 173 160 137 126 183 170 134 158 168 109 180 148 150 114 172 146 121 143 122 143 179 137 179 144 162 151 162 123 190 127 188 121 176 147 106 141 158 115 194 166 185 162 150 140 119 161 109 
163 105 158 112 120 112 107 101 103 149 159 106 180 154 103 171 168 181 188 145 112 196236183 168 194 115 188 119 137 138 102 173 123 102 114 103 154 166 196 115 126 120 109 112 125 191 163 178 188 190 149 143 186 194 103 160 175 165 172 159 106 108 189 134 151 111 142 135 141 145 176 181 152 190 194 139 151 182 143 168 168 132 143 114 168 154 175 153 146 130 108 164 155 190 129 127 124 122 127 175 184 
138 157 183 188 145 111 159 105 135 178 126 163 133 103 164 179 154 128 195 150 151 168 153089180 107 112 104 174 177 165 194 154 193 176 171 198 127 160 185 116 100 134 148 171 100 196 133 147 189 118 164 181 113 171 132 125 123 132 185 162 186 146 156 165 197 119 194 179 124 149 182 177 171 100 188 182 144 138 129 134 114 187 141 165 125 150 104 128 121 159 107 131 166 124 139 182 135 120 162 124 102 
178 107 175 124 197 180 130 173 184 160 126 164 118 148 191 177 101 102 188 118 105 194 107 137159206 143 189 127 116 148 172 112 107 175 114 168 106 152 111 167 106 163 158 142 102 146 179 186 122 155 140 110 115 128 100 159 143 106 139 102 109 196 174 106 120 176 123 126 126 147 176 129 111 152 192 188 158 128 183 188 139 147 107 157 151 154 138 189 193 124 140 165 163 185 185 122 140 174 128 121 153 
192 148 172 195 168 143 144 166 124 156 171 147 189 183 166 149 101 195 148 187 111 115 112 143 137343086 148 180 130 134 178 144 109 195 116 197 143 181 183 152 190 173 170 118 123 154 170 156 158 123 175 169 193 171 118 170 174 112 173 182 193 195 187 150 183 137 181 186 185 115 149 189 146 174 163 118 116 117 103 144 178 149 106 185 125 119 141 116 139 160 170 179 179 128 122 146 112 148 167 123 188 
119 115 164 191 138 114 182 119 122 148 119 179 111 151 118 140 153 194 141 191 156 188 104 189 148 184282171 112 148 108 181 112 131 189 141 105 120 170 190 149 175 194 163 157 162 185 110 190 146 127 124 180 100 184 115 196 194 139 116 111 165 117 195 129 182 166 194 186 182 171 124 192 184 112 150 175 128 132 100 112 133 109 125 183 156 124 101 150 162 188 198 160 155 189 107 194 135 194 133 150 120 
143 132 166 107 139 161 158 190 169 140 103 170 152 143 154 172 145 134 193 169 139 119 174 127 180 112 153664064 111 182 147 138 126 148 149 192 189 190 156 111 175 183 191 109 154 174 151 110 147 167 157 130 151 151 145 119 103 183 145 179 147 101 143 185 110 114 146 196 181 100 103 149 153 177 115 172 182 196 195 106 196 183 159 189 191 151 102 187 189 150 149 184 198 149 148 110 182 121 159 141 151 
170 161 175 150 176 104 112 179 108 180 154 138 178 180 149 104 100 170 142 198 176 137 177 116 130 148 111 135414762 117 104 118 101 182 136 155 125 171 119 100 186 110 162 101 183 189 191 173 136 129 118 107 113 112 122 110 127 135 169 191 150 176 129 133 186 103 182 107 150 124 182 111 125 128 105 151 106 114 151 117 159 139 156 105 149 172 170 185 112 170 189 166 163 125 187 191 197 168 136 192 185 
116 100 133 143 146 182 104 188 117 155 104 100 141 172 178 175 167 138 149 172 184 138 165 148 134 108 182 117 126107121 158 167 110 197 132 127 184 114 177 152 155 183 160 140 158 169 130 124 193 182 193 138 144 106 113 108 136 187 185 123 160 198 109 118 174 181 142 187 175 186 122 100 133 124 102 161 115 144 160 126 112 179 166 141 170 156 102 133 179 158 109 181 147 158 180 114 118 184 155 109 154 
109 194 158 141 108 134 110 156 126 181 149 146 140 131 167 126 198 113 109 114 101 102 194 172 178 181 147 104 158 176889454 118 143 132 158 159 131 187 145 108 190 195 123 103 183 147 132 136 123 150 144 165 152 102 150 159 108 142 152 187 129 115 174 127 117 162 198 171 151 157 183 130 133 107 193 160 156 163 182 194 163 117 105 195 130 165 130 136 170 123 184 128 153 142 129 155 164 172 109 124 166 
187 114 185 148 160 137 168 122 134 154 168 110 149 113 115 115 120 132 176 171 179 173 154 112 144 112 138 118 167 118 175350029 148 190 150 113 122 129 186 105 164 184 163 185 156 105 115 160 196 138 193 195 105 167 180 188 123 176 119 102 122 159 185 146 138 117 156 108 193 160 191 164 170 105 104 108 143 178 109 128 188 161 143 174 153 161 194 166 175 115 147 178 131 192 162 185 135 125 196 163 122 
155 137 145 102 114 111 194 124 193 136 175 154 132 161 127 112 176 152 129 179 113 123 193 107 109 131 126 101 110 143 148 155784958 113 168 167 131 103 152 151 173 137 168 171 159 163 196 160 156 174 141 152 111 167 104 162 128 130 106 195 111 148 123 192 103 129 156 148 150 190 188 189 109 171 154 130 135 117 175 193 148 196 166 155 115 120 154 159 167 168 109 145 131 123 181 167 102 183 142 152 113 
103 176 161 188 122 122 142 121 173 156 149 109 120 112 137 143 143 171 137 151 131 102 176 175 195 189 148 182 197 132 190 113 100395966 138 125 122 171 130 108 164 141 121 129 184 195 194 180 113 141 117 128 148 103 198 132 131 140 167 182 135 152 179 172 198 105 143 168 160 112 103 158 130 110 146 182 123 171 157 102 166 144 171 178 169 116 115 147 122 132 124 191 198 144 116 165 146 116 191 129 155 
121 101 197 133 136 118 142 147 178 139 112 139 112 173 178 177 149 174 169 159 158 114 171 114 116 141 149 136 132 158 150 168 138 125781508 140 174 147 191 173 167 189 149 146 178 141 173 144 122 153 109 144 187 198 120 185 154 115 158 180 107 127 196 145 164 136 134 130 188 101 109 127 127 189 138 116 182 103 137 135 171 142 192 117 148 139 188 132 121 179 116 157 140 106 179 178 125 151 194 136 131 
147 170 101 152 136 149 169 112 189 135 147 175 135 183 124 151 116 145 167 148 131 103 198 168 197 105 192 155 127 159 113 167 125 140 130289508 150 164 134 156 159 105 147 161 128 179 128 177 109 122 151 177 145 108 152 104 154 188 154 196 114 150 163 153 181 126 154 187 180 166 156 183 172 157 110 118 107 160 153 157 134 141 185 166 114 186 110 167 163 110 117 173 152 120 172 161 143 174 123 147 157 
171 178 147 168 124 158 114 172 106 151 145 145 113 170 149 148 149 187 115 143 159 154 127 106 143 120 189 125 184 131 122 131 122 174 150 144 146 119 147 170 158 174 145 186 195 175 187 148 129 180 166 132 175 125 193 180 130 197 188 114 154 177 186 134 150 185 145 117 156 188 129 113 154 142 190 164 185 126 106 102 130 173 129 121 170 190 132 136 178 192 169 108 191 197 102 139 162 119 108 125 
197 184 114 154 143 109 178 195 145 132 180 181 111 123 143 138 139 197 162 100 160 166 160 152 181 170 190 171 114 187 129 103 171 147 164 146 119772796 146 171 119 183 138 193 104 111 157 179 148 151 189 122 180 127 154 105 170 194 189 178 139 197 194 106 133 176 132 183 115 161 121 146 104 124 129 109 161 141 161 175 131 139 103 168 106 134 171 121 190 123 133 191 106 123 145 156 147 198 117 108 104 
135 126 127 169 167 181 152 138 174 163 126 159 140 164 181 154 170 133 132 120 116 196 185 111 183 190 156 119 177 145 186 152 130 191 134 119 146 130862085 162 169 141 141 145 160 110 105 125 108 186 148 173 121 113 116 121 133 104 165 191 152 117 114 107 130 127 176 143 131 172 159 177 135 178 159 109 195 170 108 166 132 155 139 179 177 138 174 186 146 185 171 187 187 181 121 114 129 167 191 160 180 
131 123 155 122 180 140 108 143 145 102 113 135 149 155 181 123 139 168 170 102 170 115 116 167 152 149 111 100 152 108 105 151 108 173 156 147 171 162 133167819 107 165 167 176 137 140 184 181 175 145 113 153 194 151 155 197 120 187 123 182 124 113 155 161 159 107 169 145 158 198 112 146 131 117 131 143 124 100 171 186 142 157 146 158 175 173 116 128 163 103 166 198 145 188 130 109 193 175 145 174 109 
102 117 125 198 193 116 129 173 125 133 120 181 168 143 196 109 105 101 128 106 187 126 100 106 190 175 175 186 155 190 164 173 164 167 159 170 119 169 107 109022537 174 197 147 188 149 170 129 180 140 194 139 157 149 135 155 183 108 158 157 172 120 193 101 114 195 113 103 115 154 192 103 190 123 126 170 136 109 191 100 103 184 179 193 182 198 136 105 150 130 166 130 196 193 109 157 185 171 113 149 103 
141 100 148 104 169 186 152 104 163 178 198 129 193 126 133 108 189 166 108 153 134 120 134 163 173 194 183 110 183 195 184 137 141 189 105 158 183 141 165 174 176823041 108 126 136 192 180 170 140 169 146 127 173 165 123 155 163 136 140 113 127 156 133 117 181 137 118 108 113 118 186 175 172 165 110 189 149 127 101 143 165 114 113 185 114 147 173 195 126 120 150 149 160 149 189 124 106 136 107 169 137 
112 127 173 116 176 137 107 157 189 119 106 157 187 186 118 129 189 150 160 107 151 109 148 158 170 163 191 162 160 123 163 168 121 149 147 174 138 141 167 197 108 156877463 195 174 142 197 109 170 125 176 120 128 112 124 125 107 139 111 179 184 123 116 130 124 140 125 117 189 116 197 135 144 153 153 100 170 171 119 111 157 183 161 173 130 190 121 116 106 121 146 154 188 169 196 108 123 103 195 134 174 
141 117 125 118 152 162 166 122 191 122 175 158 166 123 117 133 118 106 109 130 121 112 171 142 118 157 109 101 140 103 185 171 129 146 161 145 193 145 176 147 126 195 120641758 158 192 195 123 124 148 151 115 116 190 104 150 169 102 196 100 189 185 131 149 187 163 131 192 174 181 170 142 151 154 190 100 143 139 145 149 153 160 126 192 125 195 161 119 130 150 168 177 194 131 149 179 115 137 112 162 106 
172 136 150 128 126 128 105 168 141 177 130 158 106 135 193 105 177 100 157 106 125 125 100 102 123 162 154 183 158 183 156 159 184 178 128 186 104 160 137 188 136 174 158 152877790 198 162 156 162 119 154 117 165 111 187 189 109 121 167 185 178 100 140 126 198 139 179 189 131 101 173 176 132 109 120 118 101 170 181 164 170 142 181 193 150 173 117 124 117 198 142 117 113 131 152 148 115 147 126 195 185 
163 115 108 115 172 167 168 112 106 173 101 144 198 112 100 122 174 115 195 153 190 191 196 146 154 185 174 189 169 147 105 163 195 141 179 195 111 110 140 149 192 142 192 198 146364139 180 148 170 157 189 121 130 110 164 180 113 186 190 144 198 146 176 124 186 192 144 143 158 166 155 163 192 125 148 140 121 128 110 121 168 124 116 135 124 120 143 107 146 198 111 132 117 158 181 166 196 185 195 121 150 
103 197 186 112 172 194 156 104 107 195 121 118 180 178 165 118 101 121 162 188 116 163 133 179 170 110 151 191 130 132 115 196 194 173 128 175 157 105 184 170 180 197 195 162 180 191966981 138 190 196 176 129 163 113 157 108 180 113 195 134 114 122 147 132 114 100 198 114 137 176 188 120 180 113 178 152 191 126 152 180 127 184 123 180 117 173 146 163 121 154 116 146 179 150 177 148 141 157 165 132 113 
140 186 146 163 104 113 188 129 152 148 120 147 170 169 104 134 167 130 157 150 191 178 147 186 156 190 110 173 124 136 160 160 180 144 177 187 179 125 181 129 170 109 123 156 148 138 147015621 106 118 127 162 100 177 143 172 176 190 184 172 179 148 110 148 179 109 107 179 124 146 150 127 140 151 129 145 166 120 185 155 114 133 101 113 195 190 119 101 102 154 125 181 184 105 112 149 119 147 115 109 184 
174 174 173 117 153 127 162 186 130 101 162 153 195 161 174 105 138 157 197 196 159 188 189 122 158 146 147 136 193 123 196 156 113 122 109 148 148 108 175 180 140 170 124 162 170 190 106 127124200 115 152 149 155 179 182 103 195 117 189 126 194 163 115 181 144 104 101 131 172 163 143 191 157 164 178 165 132 136 129 184 166 124 148 105 126 174 112 174 191 152 109 144 131 143 191 137 153 113 153 173 173 
192 118 152 157 108 138 114 175 170 155 134 164 125 168 118 194 165 118 132 115 196 190 118 155 123 127 167 129 182 150 138 174 141 153 122 129 151 186 145 140 169 125 148 119 157 196 118 115 148976026 138 139 135 105 108 112 145 118 174 169 184 115 167 163 163 140 162 192 159 195 181 154 106 147 175 181 124 148 108 196 152 174 145 110 110 146 121 144 192 158 130 117 137 125 163 150 143 133 155 150 110 
177 174 145 131 125 173 169 156 137 105 155 163 119 166 110 168 130 112 168 193 165 149 164 140 175 124 157 118 193 144 193 141 117 109 151 180 189 148 113 194 146 176 151 154 189 176 127 152 138 169772398 149 189 115 179 104 169 103 165 135 172 141 113 185 197 106 186 153 146 125 112 133 176 161 125 197 173 109 174 169 192 134 153 192 140 123 151 185 169 136 194 158 107 157 142 148 155 188 122 140 111 
132 180 189 148 189 171 170 149 194 159 109 171 180 124 100 142 123 152 159 124 169 143 181 110 169 180 130 107 138 165 195 152 128 144 177 166 122 173 153 139 127 120 115 117 121 129 162 149 139 149 109321639 149 172 166 139 131 169 175 197 152 156 103 146 103 161 134 186 191 176 146 143 181 198 117 128 138 164 108 166 190 157 162 120 160 103 122 153 196 100 194 191 175 132 148 174 150 118 189 102 114 
168 127 195 162 147 183 113 132 176 149 180 197 123 100 133 196 173 156 163 181 137 186 113 115 193 100 151 113 144 152 105 111 148 187 145 132 180 121 194 157 173 128 116 165 130 163 100 155 135 189 149 195967551 173 167 148 192 127 125 182 102 108 188 154 120 180 175 164 120 174 123 165 129 180 192 109 103 163 101 189 132 189 151 161 147 174 139 132 174 109 175 181 121 145 127 190 176 173 187 109 161 
119 146 110 135 159 141 192 127 123 175 111 151 105 148 198 157 108 114 197 159 127 194 171 128 171 184 151 112 106 102 167 167 103 198 108 175 127 113 151 149 165 112 190 111 110 113 177 179 105 115 172 173 147870828 194 144 157 134 180 139 176 194 110 113 168 169 102 182 173 114 152 126 100 161 179 121 192 136 126 195 133 115 134 147 153 165 129 104 195 136 186 164 173 111 192 143 112 107 190 151 181 
108 115 103 135 180 177 175 172 100 158 149 158 196 140 192 186 143 126 191 150 173 103 132 100 118 115 145 122 113 150 180 104 198 120 152 125 154 116 155 135 123 124 104 187 164 157 143 182 108 179 166 167 194 151301055 144 193 122 150 195 122 173 101 190 145 161 115 113 101 197 105 172 194 130 179 185 128 136 131 148 193 154 189 121 115 112 142 107 181 179 169 122 117 104 108 110 185 188 101 156 176 
165 196 122 122 197 149 167 104 142 135 135 157 157 171 168 117 157 113 102 151 160 160 125 159 170 196 119 110 108 159 188 162 132 185 104 193 105 121 197 155 155 125 150 189 180 108 172 103 112 104 139 148 144 144 126042154 101 135 116 161 111 121 169 160 114 165 117 103 108 114 122 135 107 121 119 114 184 121 129 132 128 109 152 185 159 143 134 161 187 160 137 101 131 118 113 123 187 154 166 128 133 
151 168 120 198 135 111 163 137 164 130 183 151 137 181 139 137 186 129 177 103 137 175 123 143 174 194 103 127 136 108 123 128 131 154 154 180 170 133 120 183 163 107 169 109 113 180 176 195 145 169 131 192 157 193 101 140048147 102 189 181 181 186 105 101 134 198 115 142 141 169 191 106 122 174 196 115 179 111 174 123 177 157 128 105 182 146 197 127 108 121 149 162 138 140 159 147 120 123 125 179 112 
131 194 183 147 191 146 169 172 182 119 112 152 176 102 163 114 186 128 190 137 126 165 132 106 112 139 183 135 187 142 176 130 140 115 188 130 194 104 187 108 136 139 102 121 186 113 190 117 118 103 169 127 134 122 135 102 141539811 131 157 115 175 122 170 151 113 111 139 147 178 191 125 176 117 171 135 195 179 116 158 158 116 165 104 101 151 131 168 155 197 162 166 139 173 157 154 100 159 186 143 145 
130 144 158 124 117 189 152 102 149 152 119 149 127 116 194 171 136 173 164 163 183 172 185 139 173 116 145 169 185 152 119 106 167 158 154 197 189 165 123 158 140 111 196 167 190 195 184 189 174 165 175 125 180 150 116 189 131 158348085 105 109 196 157 165 142 186 196 142 186 183 182 137 114 189 105 145 153 104 102 106 128 148 140 165 114 174 163 195 150 161 114 109 130 140 103 132 127 194 198 109 152 
166 191 163 145 133 144 146 100 175 123 123 196 190 166 127 151 131 109 183 188 170 159 162 102 182 111 179 191 123 187 102 195 182 180 196 188 178 191 182 157 113 179 100 185 144 134 172 126 169 135 197 182 139 195 161 181 157 105 122298832 169 152 162 185 149 105 122 104 167 190 195 192 189 158 183 164 153 119 168 134 155 157 164 136 187 180 148 118 132 159 197 123 178 138 180 193 162 153 167 122 125 
142 198 103 150 123 168 173 107 172 101 175 177 175 173 115 177 186 179 101 132 134 106 186 109 193 165 147 150 160 129 122 111 135 107 114 114 139 152 124 172 127 184 189 178 198 114 179 194 184 172 152 102 176 122 111 181 115 109 169 125201972 182 163 123 146 196 111 197 123 185 124 182 126 165 171 155 136 130 129 149 150 195 177 182 127 115 171 103 178 107 115 181 150 100 121 108 156 154 117 174 116 
164 135 105 197 173 157 101 159 168 104 183 164 100 171 168 164 108 171 150 115 158 108 146 196 195 117 101 176 198 115 159 148 152 127 150 154 197 117 113 120 156 123 185 100 146 122 148 163 115 141 156 108 194 173 121 186 175 196 152 182 138876007 163 151 178 123 167 148 106 150 132 172 145 181 131 156 190 159 129 124 149 170 164 150 189 198 190 110 122 116 145 171 192 138 133 113 189 159 157 102 153 
101 167 151 192 108 186 107 129 177 156 154 116 143 190 165 115 150 101 165 148 168 189 156 174 187 195 143 129 109 174 185 123 179 196 163 177 194 114 155 193 133 116 131 140 176 147 110 115 167 113 103 188 110 101 169 105 122 157 162 163 163 107396035 173 195 135 123 112 156 141 194 128 181 145 145 197 191 159 190 139 117 158 184 146 195 194 128 118 147 187 191 174 144 167 132 158 136 163 189 125 190 
182 166 159 142 140 174 190 167 110 130 174 108 191 136 144 132 110 180 159 148 109 134 165 106 150 129 185 133 118 127 146 192 172 145 153 186 106 107 161 101 117 130 149 126 124 132 148 181 163 185 146 154 113 190 160 101 170 165 185 123 151 173 199805804 170 161 182 108 187 125 100 121 171 112 171 136 159 153 127 102 192 157 188 181 105 131 173 156 150 161 116 171 100 195 168 121 144 119 181 181 135 
112 155 130 171 183 163 102 122 110 148 143 124 194 142 144 184 162 111 106 137 180 151 197 120 183 182 110 186 174 117 138 103 198 164 181 134 133 130 159 114 181 124 187 198 186 114 179 144 163 197 103 120 168 145 114 134 151 142 149 146 178 195 170 100903772 166 173 179 185 106 189 183 131 103 139 146 186 195 198 170 155 119 120 115 158 109 166 178 114 133 106 144 189 143 100 124 165 181 160 136 189 
193 117 110 188 186 174 171 150 100 124 134 155 160 171 135 170 193 131 162 197 148 111 119 176 137 166 114 103 181 162 117 129 105 136 126 150 176 127 107 195 137 140 163 139 192 100 109 104 140 106 161 180 169 161 165 198 113 186 105 196 123 135 161 166 110149900 185 138 101 131 153 122 171 197 134 191 127 186 105 112 173 138 123 105 176 135 160 192 149 192 165 146 106 133 182 148 127 174 154 102 154 
126 136 191 146 136 123 157 166 108 149 197 194 180 191 129 105 157 156 167 120 150 142 194 123 181 194 146 182 142 198 156 156 143 134 154 185 132 176 169 113 118 125 131 179 144 198 107 101 162 186 134 175 102 115 117 115 111 196 122 111 167 123 182 173 185 124289669 141 189 103 159 139 196 145 142 100 132 185 145 123 168 123 126 166 143 151 169 127 160 186 110 167 153 158 148 120 176 131 166 118 136 
145 162 169 170 179 104 111 136 124 137 171 150 138 157 140 130 177 154 123 123 114 135 179 126 186 186 196 107 187 171 108 148 168 130 187 145 183 143 145 103 108 117 192 189 143 114 179 131 192 153 186 164 182 113 103 142 139 142 104 197 148 112 108 179 138 141 152451286 136 142 180 131 187 153 122 158 197 185 154 160 134 138 187 153 147 112 151 181 171 146 128 157 153 197 106 110 115 144 151 116 126 
180 118 193 150 147 126 157 193 167 187 158 157 151 189 108 141 148 177 194 128 172 141 124 126 185 182 181 150 175 151 193 150 160 188 180 117 115 131 158 115 113 189 174 131 158 137 124 172 159 146 191 120 173 101 108 141 147 186 167 123 106 156 187 185 101 189 136 134769283 181 147 198 161 129 161 179 198 119 167 179 161 170 147 184 187 140 184 174 175 135 118 148 170 164 104 124 167 157 138 104 182 
112 131 118 169 112 195 136 101 171 127 161 171 187 109 110 147 112 143 144 181 146 145 149 147 115 171 100 124 186 157 160 190 112 101 166 156 161 172 198 154 118 116 181 101 166 176 146 163 195 125 176 174 114 197 114 169 178 183 190 185 150 141 125 106 131 103 142 181 136973263 133 141 195 107 165 155 127 191 163 107 120 153 157 134 143 117 111 100 167 168 123 130 197 125 141 159 116 105 145 160 130 
181 193 130 184 144 171 167 179 182 152 190 179 185 150 137 113 139 135 113 177 121 176 182 176 149 124 103 182 122 183 191 188 103 109 156 188 121 159 112 192 186 197 170 173 155 188 150 143 181 112 146 123 152 105 122 191 191 182 195 124 132 194 100 189 153 159 180 147 133 123100242 103 112 149 110 119 158 167 160 128 146 124 128 117 171 113 150 127 167 116 130 144 173 131 123 135 119 153 136 171 119 
101 147 192 182 114 128 158 114 143 151 197 138 130 192 119 137 177 152 121 158 143 181 177 129 189 192 149 111 100 130 164 189 158 127 183 129 146 177 146 103 175 135 142 176 163 120 127 191 154 133 143 165 126 172 135 106 125 137 192 182 172 128 121 183 122 139 131 198 141 103 113976568 129 111 165 118 192 170 118 101 172 126 184 155 191 142 145 141 189 184 104 107 170 101 185 156 150 168 113 182 170 
172 114 184 104 188 179 152 158 193 177 145 112 120 157 165 186 131 119 173 153 122 152 171 111 146 184 153 125 133 133 170 109 130 127 172 113 104 135 131 190 172 144 151 132 192 180 140 157 106 176 181 129 100 194 107 122 176 114 189 126 145 181 171 131 171 196 187 161 195 112 129 104015299 192 119 116 119 108 133 151 160 150 129 134 118 104 180 169 143 191 191 187 106 152 170 164 102 174 158 195 112 
160 123 121 183 159 119 176 195 138 154 115 160 197 175 162 138 141 198 149 118 143 190 100 152 174 112 177 128 124 107 105 171 110 189 157 154 124 178 117 123 165 153 154 109 125 113 151 164 147 161 198 180 161 130 121 174 117 189 158 165 181 145 112 103 197 145 153 129 107 149 111 192 172669661 188 133 124 148 150 157 124 178 149 118 150 130 182 159 135 165 176 156 118 131 124 113 144 195 143 157 152 
122 171 120 106 101 192 119 128 173 128 121 105 113 135 157 179 159 180 111 134 179 194 188 192 163 150 115 105 102 193 104 154 146 138 110 142 129 159 131 126 110 153 190 120 148 178 129 178 175 125 117 192 179 179 119 196 171 105 183 171 131 145 171 139 134 142 122 161 165 110 165 119 188 190784335 118 192 189 115 147 158 162 108 159 166 140 137 130 148 103 185 114 164 196 126 163 161 198 167 175 145 
102 193 102 161 172 171 139 177 185 114 131 171 114 130 193 147 136 170 127 162 137 139 182 188 118 175 172 151 161 160 108 130 182 116 118 190 109 109 143 170 189 100 100 118 140 152 145 165 181 197 128 109 121 185 114 115 135 145 164 155 156 197 136 146 191 100 158 179 155 119 118 116 133 118 125501619 168 127 108 113 190 128 170 195 138 100 101 116 194 164 153 121 166 182 194 159 170 150 175 122 187 
132 131 141 141 141 149 114 108 198 134 194 167 120 156 136 106 175 114 136 126 179 151 144 158 116 128 182 106 115 156 143 135 123 182 107 164 161 195 124 136 149 170 143 101 121 191 166 132 124 173 138 103 192 128 184 179 195 153 153 136 190 191 159 186 127 132 197 198 127 158 192 119 124 192 168 115288505 103 169 144 160 150 108 158 150 126 154 183 173 126 154 197 133 172 107 114 140 136 155 115 163 
164 132 179 170 117 133 157 154 123 170 187 164 125 161 122 196 112 166 125 185 144 182 138 128 117 132 196 114 144 163 178 117 171 103 160 185 141 170 100 109 127 171 139 170 128 126 120 136 148 109 164 163 136 136 121 111 179 104 119 130 159 159 153 195 186 185 185 119 191 167 170 108 148 189 127 103 109326329 177 149 177 135 163 106 114 131 173 105 184 116 118 139 165 190 142 164 179 145 168 120 150 
131 156 143 134 164 186 198 170 171 117 198 148 170 139 141 138 160 124 100 168 162 143 129 183 103 100 195 151 160 182 109 175 157 137 153 126 161 108 171 191 101 119 145 181 110 152 185 129 108 174 108 101 126 131 129 174 116 102 168 129 129 190 127 198 105 145 154 167 163 160 118 133 150 115 108 169 177 182687002 120 102 153 164 108 135 109 154 195 135 120 132 140 167 120 197 101 129 104 197 159 129 
161 186 146 177 196 193 146 100 184 139 131 183 180 145 148 116 178 110 174 162 151 168 134 188 144 112 106 117 126 194 128 193 102 135 157 106 175 166 186 100 143 111 149 164 121 180 155 184 196 169 166 189 195 148 132 123 158 106 134 149 124 139 102 170 112 123 160 179 107 128 101 151 157 147 113 144 149 120 159678794 158 186 126 190 116 125 192 148 123 150 128 159 120 156 177 179 119 149 156 157 109 
105 133 116 111 117 190 156 105 164 178 124 139 134 127 100 165 124 152 149 189 162 168 114 139 178 133 196 159 112 163 188 148 166 171 134 102 131 132 142 103 165 157 153 170 168 127 114 166 152 192 190 132 133 193 128 177 158 128 155 150 149 117 192 155 173 168 134 161 120 146 172 160 124 158 190 160 177 102 158 185401697 130 147 191 107 156 120 196 138 173 184 193 104 111 131 198 195 167 121 134 145 
158 134 126 190 124 148 130 154 107 124 101 116 171 101 123 182 128 124 166 126 123 132 187 147 149 109 183 139 179 117 161 196 144 142 141 130 139 155 157 184 114 183 160 142 124 184 133 124 174 134 157 189 115 154 109 157 116 148 157 195 170 158 157 119 138 123 138 170 153 124 126 150 178 162 128 150 135 153 186 130 157986997 131 119 177 197 173 124 189 193 126 164 148 117 174 127 174 179 108 137 182 
142 142 190 133 154 162 169 195 100 110 121 193 130 119 178 107 142 179 157 169 190 143 141 107 106 125 159 156 166 105 143 166 171 192 185 173 103 139 146 179 113 161 126 181 116 123 101 148 145 153 162 151 134 189 152 128 165 140 164 177 164 184 188 120 123 126 187 147 157 128 184 129 149 108 170 108 163 164 126 147 131 174868076 122 113 134 154 190 118 115 155 156 142 133 136 136 182 197 100 124 187 
191 120 134 190 186 185 134 146 143 175 173 108 120 106 103 160 193 162 149 142 127 114 165 157 185 183 189 105 141 195 174 155 178 117 166 129 168 179 158 193 185 173 192 193 135 180 113 105 110 192 120 161 147 121 185 105 104 165 136 182 150 146 181 115 105 166 153 184 134 117 155 134 118 159 195 158 106 108 190 191 119 122 135622450 197 123 109 169 131 109 188 172 166 114 110 110 174 190 115 114 193 
196 116 195 104 133 135 124 193 165 119 135 189 109 162 173 164 181 173 175 196 188 168 125 151 125 156 191 149 170 130 153 115 169 148 114 121 106 177 175 182 114 130 125 150 124 117 195 126 110 140 160 147 153 115 159 182 101 114 187 127 189 195 105 158 176 143 147 187 143 171 191 118 150 166 138 150 114 135 116 107 177 113 197 172383795 162 127 108 149 107 157 181 164 160 168 107 145 151 162 154 194 
135 192 108 137 115 130 128 125 185 188 119 139 195 127 114 192 114 110 158 137 121 154 150 154 119 124 151 172 156 165 161 120 116 139 186 170 134 138 173 198 147 190 195 173 120 173 190 174 146 123 103 174 165 112 143 146 151 174 180 115 198 194 131 109 135 151 112 140 117 113 142 104 130 140 100 126 131 109 125 156 197 134 123 162 146429899 162 187 149 159 151 124 134 109 189 158 182 127 131 137 160 
141 141 182 118 109 113 136 103 120 104 145 101 110 129 183 149 164 192 143 147 176 175 104 138 141 101 102 170 102 130 194 154 115 188 110 190 171 174 116 136 173 121 161 117 143 146 119 112 121 151 122 139 129 142 134 197 131 163 148 171 190 128 173 166 160 169 151 184 111 150 145 180 182 137 101 154 173 154 192 120 173 154 109 127 162 147855121 197 193 120 128 122 101 112 122 109 145 176 190 111 171 
160 196 121 152 139 161 185 133 170 182 168 175 198 111 114 175 190 187 113 129 147 153 128 189 116 150 187 185 133 136 166 159 147 132 167 132 121 186 128 105 195 116 119 124 107 163 101 174 144 185 153 132 104 107 161 127 168 195 118 103 110 118 156 178 192 127 181 174 100 127 141 169 159 130 116 183 105 195 148 196 124 190 169 108 187 197 164798210 134 154 127 190 115 131 134 165 156 124 193 175 103 
106 144 185 171 197 188 117 128 177 163 114 138 152 188 110 171 123 132 152 161 106 146 121 193 139 162 189 112 179 170 175 167 122 121 163 136 190 146 163 150 126 106 130 117 146 121 102 191 192 169 196 174 195 181 187 108 155 150 132 178 122 147 150 114 149 160 171 175 167 167 189 143 135 148 194 173 184 135 123 138 189 118 131 149 149 193 134 181707063 129 116 108 151 183 166 154 115 106 193 104 109 
148 182 178 175 194 179 188 143 191 102 166 147 149 173 130 137 125 144 186 151 141 130 159 124 160 188 150 170 158 123 115 168 132 179 110 178 123 185 103 130 120 121 150 198 198 154 154 152 158 136 100 109 136 179 160 121 197 161 159 107 116 187 161 133 192 186 146 135 168 116 184 191 165 103 164 126 116 120 150 173 193 115 109 107 159 120 154 129 126774441 150 108 154 180 126 164 101 147 177 129 107 
138 155 155 145 194 131 124 149 123 117 167 121 185 156 127 166 115 165 171 159 158 108 107 140 170 198 149 189 109 184 147 109 124 116 117 192 133 171 166 166 150 146 168 142 111 116 125 109 130 194 194 175 186 169 137 149 162 114 197 115 145 191 116 106 165 110 128 118 123 130 104 191 176 185 153 154 118 132 128 184 126 155 188 157 151 128 127 116 150 174642026 176 160 122 128 144 180 161 108 103 126 
144 117 118 135 148 118 148 123 146 100 126 172 126 171 140 135 170 128 152 125 115 164 131 165 179 160 184 166 181 128 178 145 191 157 173 169 191 187 198 130 149 154 177 117 132 146 181 144 117 158 191 181 164 122 101 162 166 109 123 181 171 174 171 144 146 167 157 148 130 144 107 187 156 114 121 197 139 140 159 193 164 156 172 181 124 122 190 108 108 176 117384614 170 141 101 183 192 136 129 170 113 
136 187 101 172 163 136 187 109 145 172 171 155 144 183 193 156 157 173 114 116 194 155 166 163 179 155 198 163 147 153 131 131 198 140 152 108 106 187 145 196 160 188 194 113 117 179 184 131 137 107 175 121 173 117 131 138 139 130 178 150 192 144 100 189 106 153 153 170 197 173 170 106 118 164 166 133 165 167 120 104 148 142 166 164 134 101 115 151 154 160 170 195920095 198 119 128 179 169 138 168 170 
136 195 123 151 108 119 130 137 181 152 130 144 153 166 143 155 180 154 108 132 166 190 124 185 128 189 149 125 158 142 192 123 144 106 120 191 123 181 188 193 149 169 131 131 158 150 105 143 125 157 132 145 111 104 118 140 173 140 138 100 138 167 195 143 133 158 197 164 125 131 101 152 131 196 182 172 190 120 156 111 117 133 114 160 109 112 131 183 180 122 141 198 127541031 124 193 141 124 133 182 165 
192 197 138 197 173 146 175 155 138 174 132 188 133 188 116 131 134 175 159 111 185 129 139 185 122 107 148 187 180 129 162 181 116 179 172 197 145 121 130 109 189 196 149 152 181 177 112 191 163 142 148 127 192 108 113 159 157 103 180 121 133 132 168 100 182 148 106 104 141 123 185 170 124 126 194 107 142 197 177 131 174 136 110 168 189 122 134 166 126 128 101 119 124 132500610 148 171 182 173 113 181 
178 172 177 141 130 121 133 192 117 123 114 101 174 138 118 136 111 191 141 194 162 127 182 122 146 194 110 191 114 155 185 167 165 178 161 102 156 114 109 157 124 108 179 148 166 148 149 137 150 148 174 190 143 110 123 147 154 132 193 108 113 158 121 124 148 120 110 124 159 135 156 164 113 163 159 114 164 101 179 198 127 136 110 107 158 109 165 154 164 144 183 128 193 148 177183034 159 164 110 109 152 
127 163 189 136 125 124 168 101 110 128 146 101 171 134 134 163 119 142 114 167 150 124 135 140 112 135 182 197 118 164 135 102 146 125 143 139 147 129 193 185 106 123 115 115 196 141 119 153 143 155 150 176 112 185 187 120 100 127 162 156 189 136 144 165 127 176 115 167 116 119 150 102 144 161 170 140 179 129 119 195 174 182 174 145 182 145 156 115 101 180 192 179 141 171 159 116455761 113 128 111 116 
151 155 104 174 196 151 107 106 115 112 186 113 170 129 105 177 163 198 100 191 140 122 120 174 148 194 121 168 184 172 125 183 116 151 174 162 198 167 175 171 136 103 137 147 185 157 147 113 133 188 118 173 107 188 154 123 159 194 153 154 159 163 119 181 174 131 144 157 105 153 168 174 195 198 150 136 145 104 149 167 179 197 190 151 127 176 124 106 147 161 136 169 124 182 164 113 179054111 107 111 101 
185 162 150 127 147 115 167 124 100 164 185 170 194 133 119 177 158 125 125 185 119 127 162 128 167 133 159 136 155 109 196 142 191 194 123 119 117 191 145 113 107 195 112 126 195 165 115 153 155 122 189 187 190 101 166 125 186 198 167 117 157 189 181 160 154 166 151 138 145 136 113 158 143 167 175 155 168 197 156 121 108 100 115 162 131 190 193 193 177 108 129 138 133 173 110 128 107 177183655 119 102 
139 168 175 174 160 196 123 153 116 198 190 162 140 150 197 167 140 146 138 144 161 175 124 121 123 150 141 192 109 124 163 152 129 136 147 108 108 160 174 149 169 134 162 195 121 132 109 173 150 140 102 109 151 156 128 179 143 109 122 174 102 125 181 136 102 118 116 104 160 171 182 195 157 175 122 115 120 159 157 134 137 124 114 154 137 111 175 104 129 103 170 168 182 113 109 111 111 119 179488520 111 
182 144 105 161 109 147 182 196 172 114 194 155 159 148 110 147 186 110 188 184 109 184 102 153 188 120 151 185 154 166 122 113 155 131 157 125 104 180 109 103 137 174 106 185 150 113 184 173 110 111 114 161 181 176 133 112 145 152 125 116 153 190 135 189 154 136 126 182 130 119 170 112 152 145 187 163 150 129 109 145 182 187 193 194 160 171 103 109 107 126 113 170 165 181 152 116 101 102 111 191560614 
