50
Moscow SaintPetersburg Novosibirsk Yekaterinburg NizhnyNovgorod Kazan Chelyabinsk Omsk Samara RostovOnDon Ufa Krasnoyarsk Perm Voronezh Volgograd Krasnodar Saratov Tyumen Tolyatti Izhevsk Barnaul Ulyanovsk Irkutsk Khabarovsk Kiev Yaroslavl Vladivostok Makhachkala Tomsk Orenburg Kemerovo Novokuznetsk Ryazan Astrakhan NaberezhnyeChelny Penza Lipetsk Kirov Cheboksary Tula Kaliningrad Balashikha Kursk Stavropol UlanUde Tver Magnitogorsk Sochi Ivanovo Bryansk
Kiev
192375731 107 170 150 114 132 149 148 124 137 146 155 109 132 139 170 165 154 190 123 156 174 198 174 101 120 106 108 138 182 153 160 147 132 102 122 112 192 161 185 120 181 146 166 116 184 151 152 174 167 
107 185270161 173 172 169 177 140 115 135 144 113 120 112 134 148 172 174 155 111 167 181 153 154 110 165 177 171 113 151 104 148 177 109 139 166 191 133 152 167 175 129 114 152 120 167 136 184 154 137 184 
170 173 146625203 153 167 142 184 151 113 148 147 188 108 157 179 182 137 121 155 133 126 181 190 153 132 121 150 180 132 115 119 191 170 152 159 122 105 118 185 156 140 132 191 192 103 142 126 110 158 198 
150 172 153 192183602 103 174 146 117 197 129 196 146 172 124 185 138 168 193 134 149 127 134 176 157 121 126 176 176 176 144 158 142 139 159 147 138 183 153 165 193 131 155 145 168 160 122 163 196 175 177 
114 169 167 103 148158393 184 160 156 138 177 153 111 191 148 144 170 170 150 148 183 190 161 190 157 152 195 158 183 189 150 160 145 156 162 132 134 140 110 137 181 148 138 133 187 174 157 179 161 126 128 
132 177 142 174 184 129971839 184 111 137 178 110 115 107 197 100 134 113 109 182 159 136 153 104 106 144 128 116 146 116 172 110 152 109 169 114 117 190 152 187 197 100 112 151 189 194 126 159 161 187 121 
149 140 184 146 160 184 193955773 194 115 101 163 146 143 165 121 140 139 181 176 177 118 173 171 183 104 188 176 193 152 158 155 108 123 126 160 124 187 105 197 149 178 101 151 170 183 122 127 103 182 167 
148 115 151 117 156 111 194 163432595 181 181 127 120 168 132 175 143 161 170 123 101 125 112 154 188 143 143 108 186 103 184 168 103 137 175 100 115 150 179 155 116 119 174 168 160 160 152 156 107 147 135 
124 135 113 197 138 137 115 181 132783550 142 149 198 118 153 172 160 198 164 124 142 147 186 100 141 191 126 120 191 170 146 104 175 109 191 166 179 181 108 168 106 181 104 106 156 146 193 183 189 119 124 
137 144 148 129 177 178 101 181 142 149965241 122 174 146 178 175 112 173 171 150 127 182 135 147 155 105 123 156 133 180 106 191 141 191 138 152 186 103 110 188 111 195 155 107 191 137 145 177 141 187 164 
146 113 147 196 153 110 163 127 149 122 199055978 195 170 177 170 137 167 184 197 195 196 143 131 136 184 168 123 150 135 141 147 147 129 186 193 177 190 165 148 101 143 175 175 122 179 133 186 186 110 187 
155 120 188 146 111 115 146 120 198 174 195 142514890 187 174 172 108 130 131 187 115 181 138 140 151 174 147 171 124 188 167 156 167 140 146 149 176 106 159 188 138 170 124 198 193 116 107 164 106 139 138 
109 112 108 172 191 107 143 168 118 146 170 187 168636954 146 111 118 120 139 134 109 189 153 147 106 193 140 107 110 183 111 135 124 108 136 173 117 143 145 150 175 187 117 107 158 156 164 166 145 150 130 
132 134 157 124 148 197 165 132 153 178 177 174 146 174436054 174 123 187 104 127 115 151 152 127 109 155 189 179 162 121 129 124 159 133 185 129 175 155 165 138 125 184 159 196 187 140 102 149 188 134 171 
139 148 179 185 144 100 121 175 172 175 170 172 111 174 194052411 179 124 193 105 151 169 167 181 104 118 168 186 166 151 154 152 119 131 136 142 162 104 105 172 134 197 140 129 144 160 154 184 165 154 125 
170 172 182 138 170 134 140 143 160 112 137 108 118 123 179 190864967 176 131 126 144 115 137 145 196 141 120 129 186 185 182 145 140 137 113 160 162 101 138 106 124 138 136 121 126 157 179 198 137 143 116 
165 174 137 168 170 113 139 161 198 173 167 130 120 187 124 176 193564585 133 126 162 119 179 158 136 144 172 185 182 128 120 114 157 159 115 136 195 111 112 113 195 195 161 188 193 155 125 197 103 127 104 
154 155 121 193 150 109 181 170 164 171 184 131 139 104 193 131 133 131243749 170 152 187 140 105 179 156 197 172 119 188 101 107 171 131 150 139 183 128 191 180 117 125 154 114 198 180 188 133 166 172 135 
190 111 155 134 148 182 176 123 124 150 197 187 134 127 105 126 126 170 176078895 116 129 173 134 133 174 166 183 173 110 160 160 105 169 191 194 159 178 163 181 197 133 194 151 183 125 107 198 183 143 195 
123 167 133 149 183 159 177 101 142 127 195 115 109 115 151 144 162 152 116 140112224 164 103 114 152 106 147 172 194 141 128 130 177 176 155 140 104 129 159 109 124 183 147 106 157 116 191 112 120 159 138 
156 181 126 127 190 136 118 125 147 182 196 181 189 151 169 115 119 187 129 164 142406094 177 125 133 173 159 108 152 119 124 151 132 104 171 144 144 101 107 108 192 104 135 101 118 116 197 107 122 123 120 
174 153 181 134 161 153 173 112 186 135 143 138 153 152 167 137 179 140 173 103 177 195408256 139 120 123 138 146 189 141 102 156 100 196 111 110 126 108 176 195 181 134 126 122 168 181 157 142 164 186 188 
198 154 190 176 190 104 171 154 100 147 131 140 147 127 181 145 158 105 134 114 125 139 172303576 192 105 178 169 131 116 127 120 171 152 194 115 174 158 175 197 192 108 160 171 113 127 156 107 116 122 154 
174 110 153 157 157 106 183 188 141 155 136 151 106 109 104 196 136 179 133 152 133 120 192 137105318 127 129 160 161 122 163 188 101 149 193 130 134 127 188 175 165 110 101 130 193 102 130 169 139 189 153 
101 165 132 121 152 144 104 143 191 105 184 174 193 155 118 141 144 156 174 106 173 123 105 127 141694524 187 101 176 147 174 156 117 194 147 106 127 195 183 155 195 164 166 189 180 117 192 188 163 102 103 
120 177 121 126 195 128 188 143 126 123 168 147 140 189 168 120 172 197 166 147 159 138 178 129 187 171693977 163 102 113 182 133 141 160 195 117 182 163 175 164 197 194 123 168 134 101 151 195 107 126 176 
106 171 150 176 158 116 176 108 120 156 123 171 107 179 186 129 185 172 183 172 108 146 169 160 101 163 173128828 141 119 173 197 105 171 188 147 124 100 152 195 182 183 125 121 159 191 191 129 170 180 144 
108 113 180 176 183 146 193 186 191 133 150 124 110 162 166 186 182 119 173 194 152 189 131 161 176 102 141 117404065 113 178 139 133 196 187 169 181 105 180 147 191 123 136 186 160 159 120 191 121 165 109 
138 151 132 176 189 116 152 103 170 180 135 188 183 121 151 185 128 188 110 141 119 141 116 122 147 113 119 113 153571443 163 169 113 116 164 100 124 172 177 144 181 190 152 175 155 130 148 115 115 189 142 
182 104 115 144 150 172 158 184 146 106 141 167 111 129 154 182 120 101 160 128 124 102 127 163 174 182 173 178 163 186531550 144 107 131 148 177 138 134 168 109 108 172 135 113 114 130 153 177 104 142 190 
153 148 119 158 160 110 155 168 104 191 147 156 135 124 152 145 114 107 160 130 151 156 120 188 156 133 197 139 169 144 190123036 158 122 147 145 137 116 192 142 186 159 157 154 195 177 156 102 176 145 109 
160 177 191 142 145 152 108 103 175 141 147 167 124 159 119 140 157 171 105 177 132 100 171 101 117 141 105 133 113 107 158 155235422 172 134 128 146 184 164 110 149 151 196 106 176 175 154 118 107 169 195 
147 109 170 139 156 109 123 137 109 191 129 140 108 133 131 137 159 131 169 176 104 196 152 149 194 160 171 196 116 131 122 172 124284560 146 119 149 115 182 177 156 139 175 177 153 119 195 170 110 115 111 
132 139 152 159 162 169 126 175 191 138 186 146 136 185 136 113 115 150 191 155 171 111 194 193 147 195 188 187 164 148 147 134 146 133143049 183 175 119 175 146 128 105 168 136 130 196 133 178 121 193 142 
102 166 159 147 132 114 160 100 166 152 193 149 173 129 142 160 136 139 194 140 144 110 115 130 106 117 147 169 100 177 145 128 119 183 105 188 129 149 177 125 105 188 187 164 177 149 158 141 148 104 
122 191 122 138 134 117 124 115 179 186 177 176 117 175 162 162 195 183 159 104 144 126 174 134 127 182 124 181 124 138 137 146 149 175 188 129547055 152 172 112 125 150 174 125 170 136 142 197 156 125 112 
112 133 105 183 140 190 187 150 181 103 190 106 143 155 104 101 111 128 178 129 101 108 158 127 195 163 100 105 172 134 116 184 115 119 129 152 192864383 159 193 153 106 160 196 161 191 110 142 159 112 153 
192 152 118 153 110 152 105 179 108 110 165 159 145 165 105 138 112 191 163 159 107 176 175 188 183 175 152 180 177 168 192 164 182 175 149 172 159 112195768 183 156 150 153 113 143 121 153 117 133 181 106 
161 167 185 165 137 187 197 155 168 188 148 188 150 138 172 106 113 180 181 109 108 195 197 175 155 164 195 147 144 109 142 110 177 146 177 112 193 183 121225246 197 136 147 181 108 144 139 167 164 110 126 
185 175 156 193 181 197 149 116 106 111 101 138 175 125 134 124 195 117 197 124 192 181 192 165 195 197 182 191 181 108 186 149 156 128 125 125 153 156 197 163034973 139 169 166 190 156 169 156 161 137 125 
120 129 140 131 148 100 178 119 181 195 143 170 187 184 197 138 195 125 133 183 104 134 108 110 164 194 183 123 190 172 159 151 139 105 105 150 106 150 136 139 106395455 123 171 115 164 171 194 163 138 176 
181 114 132 155 138 112 101 174 104 155 175 124 117 159 140 136 161 154 194 147 135 126 160 101 166 123 125 136 152 135 157 196 175 168 188 174 160 153 147 169 123 147324081 106 135 106 176 142 161 195 189 
146 152 191 145 133 151 151 168 106 107 175 198 107 196 129 121 188 114 151 106 101 122 171 130 189 168 121 186 175 113 154 106 177 136 187 125 196 113 181 166 171 106 132722888 154 102 103 181 128 124 147 
166 120 192 168 187 189 170 160 156 191 122 193 158 187 144 126 193 198 183 157 118 168 113 193 180 134 159 160 155 114 195 176 153 130 164 170 161 143 108 190 115 135 154 105584162 194 157 122 159 193 192 
116 167 103 160 174 194 183 160 146 137 179 116 156 140 160 157 155 180 125 116 116 181 127 102 117 101 191 159 130 130 177 175 119 196 177 136 191 121 144 156 164 106 102 194 136185263 107 194 169 169 149 
184 136 142 122 157 126 122 152 193 145 133 107 164 102 154 179 125 188 107 191 197 157 156 130 192 151 191 120 148 153 156 154 195 133 149 142 110 153 139 169 171 176 103 157 107 164974911 148 136 101 110 
151 184 126 163 179 159 127 156 183 177 186 164 166 149 184 198 197 133 198 112 107 142 107 169 188 195 129 191 115 177 102 118 170 178 158 197 142 117 167 156 194 142 181 122 194 148 134488144 128 176 116 
152 154 110 196 161 161 103 107 189 141 186 106 145 188 165 137 103 166 183 120 122 164 116 139 163 107 170 121 115 104 176 107 110 121 141 156 159 133 164 161 163 161 128 159 169 136 128 178847751 120 190 
174 137 158 175 126 187 182 147 119 187 110 139 150 134 154 143 127 172 143 159 123 186 122 189 102 126 180 165 189 142 145 169 115 193 148 125 112 181 110 137 138 195 124 193 169 101 176 120 197515988 183 
167 184 198 177 128 121 167 135 124 164 187 138 130 171 125 116 104 135 195 138 120 188 154 153 103 176 144 109 142 190 109 195 111 142 104 112 153 106 126 125 176 189 147 192 149 110 116 190 183 120876807 
