50
ChrisBabb LukeBabbitt MilosBabic JohnnyBach DwayneBacon HenryBacon JimBaechtold DaliborBagaric JohnBagley CarlBailey GusBailey JamesBailey ThurlBailey TobyBailey CameronBairstow JimmieBaker LaMarkBaker MauriceBaker NormBaker RonBaker VinBaker WadeBaldwin RenaldoBalkman CedricBall LonzoBall GregBallard HerschelBaltimore GeneBanks MarcusBanks WalkerBanks KenBannister MikeBantom JohnBarber LeandroBarbosa SteveBardo JJBarea AndreaBargnani CliffBarker TomBarker CharlesBarkley ErickBarkley DonBarksdale HarrisonBarnes BrentBarry JonBarry RickBarry WillBarton BradleyBeal KobeBryant DAngeloRussell
KobeBryant
23 25 x 22 20 25 25 22 21 22 21 22 21 23 24 25 22 20 24 20 x 21 23 24 23 20 23 24 24 23 23 20 21 25 x 21 22 23 21 x 25 x 21 22 22 25 22 21 x x
25 21 x 25 20 20 23 24 20 23 23 20 x 21 20 25 23 20 20 20 24 x 25 20 20 23 23 23 21 21 x 20 21 22 25 22 22 x 20 x x 25 25 20 25 22 21 25 21 24
x x 25 23 23 24 24 21 23 21 x 23 23 24 25 24 23 20 22 21 24 23 x 20 25 25 23 24 25 25 24 21 x 23 23 20 21 22 24 22 22 24 x x 22 23 22 21 21 24
22 25 23 23 22 20 21 25 25 x 23 x 23 25 x 22 22 20 24 24 22 22 20 24 x 22 21 22 24 21 21 23 21 x 20 24 23 20 20 23 23 24 25 21 23 x 20 24 25 24
20 20 23 22 23 24 24 20 23 x 25 21 25 22 20 22 23 25 24 20 24 21 22 23 25 21 23 23 20 25 25 21 x 24 23 25 20 x x 21 20 25 25 22 23 24 24 x 24 23
25 20 24 20 24 22 23 24 21 22 23 20 22 21 22 25 24 25 25 20 23 21 22 20 25 23 22 23 24 x 22 22 25 23 20 23 23 25 25 23 24 24 x 23 x 20 21 25 23 21
25 23 24 21 24 23 24 21 x 20 22 23 23 21 24 21 25 24 24 22 23 22 25 x 20 20 24 22 20 23 20 21 25 24 21 20 21 21 23 25 24 24 x 23 25 21 25 22 25 20
22 24 21 25 20 24 21 24 23 20 23 21 21 x 21 24 22 25 20 21 20 24 23 23 21 21 23 22 23 25 22 25 23 20 21 20 25 22 22 20 24 23 21 24 20 20 24 22 23 21
21 20 23 25 23 21 x 23 21 22 21 23 23 20 24 25 24 20 24 21 20 20 25 25 22 22 21 x 23 20 22 23 x 24 21 22 20 24 x 20 24 24 20 x 23 20 20 25 20 20 
22 23 21 x x 22 20 20 22 23 25 24 22 22 25 25 21 25 21 x 23 21 22 22 20 24 24 23 20 25 x 23 20 20 22 21 x 24 23 25 25 24 20 25 x 20 25 22 25 22
21 23 x 23 25 23 22 23 21 25 23 x 22 22 24 25 25 20 23 23 25 25 20 21 x 24 24 22 21 24 23 25 20 x 20 22 x 22 25 22 21 x 20 22 x 20 20 23 20 21
22 20 23 x 21 20 23 21 23 24 x 21 23 23 x x x 21 24 24 20 x 23 24 22 20 23 21 23 24 21 24 22 20 20 x 24 x 20 23 23 20 x 21 22 22 25 20 x x
21 x 23 23 25 22 23 21 23 22 22 23 23 24 21 22 23 25 25 22 24 23 20 20 21 x 22 23 21 22 25 23 22 25 25 21 24 25 21 25 23 21 25 23 x 20 20 20 20 20
23 21 24 25 22 21 21 x 20 22 22 23 24 24 21 23 x 24 x 22 23 22 x 20 x 25 25 24 x x 25 22 21 21 21 22 20 x 24 23 23 x 21 22 24 20 x 22 21 20
24 20 25 x 20 22 24 21 24 25 24 x 21 21 25 21 20 25 23 20 21 23 21 22 20 20 x 21 23 21 24 x 24 21 23 23 22 21 20 23 24 24 25 21 21 21 23 24 23 22
25 25 24 22 22 25 21 24 25 25 25 x 22 23 21 24 x x 23 20 24 24 23 24 25 25 22 23 21 25 21 20 25 23 25 21 x x 23 24 24 24 24 x 20 23 21 21 21 x
22 23 23 22 23 24 25 22 24 21 25 x 23 x 20 x 22 x 20 22 23 24 25 23 22 22 20 23 21 24 24 20 24 24 20 25 23 x 20 24 x x 20 24 23 20 x 22 23 25
20 20 20 20 25 25 24 25 20 25 20 21 25 24 25 x x 25 21 21 x 24 21 22 22 x 20 20 24 25 x 22 21 23 20 24 22 x x 21 x 21 25 20 20 22 23 24 23 21
24 20 22 24 24 25 24 20 24 21 23 24 25 x 23 23 20 21 20 21 24 21 25 23 22 20 x 22 25 20 x 22 24 21 25 22 22 22 25 20 24 x 22 x 20 23 x 25 24 22
20 20 21 24 20 20 22 21 21 x 23 24 22 22 20 20 22 21 21 20 23 x x 20 24 25 23 x 21 22 20 x 20 23 21 25 24 22 21 24 24 23 20 25 20 23 20 20 22 24
x 24 24 22 24 23 23 20 20 23 25 20 24 23 21 24 23 x 24 23 19 22 21 25 21 20 20 25 23 22 21 20 x 21 25 21 23 21 21 x 20 x 20 20 20 20 25 20 x 22
21 x 23 22 21 21 22 24 20 21 25 x 23 22 23 24 24 24 21 x 22 23 24 20 20 20 24 22 22 23 23 25 23 20 24 20 23 22 25 20 23 21 22 x 22 25 21 21 20 20
23 25 x 20 22 22 25 23 25 22 20 23 20 x 21 23 25 21 25 x 21 24 20 23 23 25 23 22 22 21 25 x 21 20 x 22 20 20 22 23 21 21 21 22 20 24 24 21 21 23
24 20 20 24 23 20 x 23 25 22 21 24 20 20 22 24 23 22 23 20 25 20 23 20 22 23 20 23 21 25 22 23 22 20 24 x 20 22 25 25 21 23 22 21 21 23 24 22 24 20
23 20 25 x 25 25 20 21 22 20 x 22 21 x 20 25 22 22 22 24 21 20 23 22 25 22 25 25 22 x 25 20 24 24 x 24 20 21 x 22 22 22 24 21 x 23 20 x 24 20
20 23 25 22 21 23 20 21 22 24 24 20 x 25 20 25 22 x 20 25 20 20 25 23 22 24 23 22 x 25 24 25 x x 22 21 23 20 20 25 25 25 21 20 22 23 23 20 24 x
23 23 23 21 23 22 24 23 21 24 24 23 22 25 x 22 20 20 x 23 20 24 23 20 25 23 22 23 x x 22 24 20 22 25 21 23 20 23 x 23 20 24 25 25 x 22 25 x 22
24 23 24 22 23 23 22 22 x 23 22 21 23 24 21 23 23 20 22 x 25 22 22 23 25 22 23 21 20 21 20 x 21 20 24 21 20 20 20 20 23 x 22 x 22 22 20 21 23 23
24 21 25 24 20 24 20 23 23 20 21 23 21 x 23 21 21 24 25 21 23 22 22 21 22 x x 20 19 25 21 20 x 22 24 22 24 23 x 20 24 23 20 21 24 25 20 22 x 22
23 21 25 21 25 x 23 25 20 25 24 24 22 x 21 25 24 25 20 22 22 23 21 25 x 25 x 21 25 21 x 21 21 25 24 22 20 23 x 21 24 20 x 20 x 21 20 x 24 20
23 x 24 21 25 22 20 22 22 x 23 21 25 25 24 21 24 x x 20 21 23 25 22 25 24 22 20 21 x 22 24 25 25 22 x 21 23 22 25 24 25 24 25 24 22 25 25 24 23
20 20 21 23 21 22 21 25 23 23 25 24 23 22 x 20 20 22 22 x 20 25 x 23 20 25 24 x 20 21 24 19 x 24 x 25 22 24 25 20 25 22 x 20 23 23 25 24 24 20
21 21 x 21 x 25 25 23 x 20 20 22 22 21 24 25 24 21 24 20 x 23 21 22 24 x 20 21 x 21 25 x 25 25 20 20 25 21 21 22 23 25 21 22 x 23 20 25 22 24
25 22 23 x 24 23 24 20 24 20 x 20 25 21 21 23 24 23 21 23 21 20 20 20 24 x 22 20 22 25 25 24 25 25 x x 21 x 23 22 20 22 22 22 21 x 21 24 24 21
x 25 23 20 23 20 21 21 21 22 20 20 25 21 23 25 20 20 25 21 25 24 x 24 x 22 25 24 24 24 22 x 20 x 20 20 20 20 23 24 22 21 23 22 20 25 25 x 25 x
21 22 20 24 25 23 20 20 22 21 22 x 21 22 23 21 25 24 22 25 21 20 22 x 24 21 21 21 22 22 x 25 20 x 20 19 21 x 23 24 22 20 20 x 25 x 22 x 22 x
22 22 21 23 20 23 21 25 20 x x 24 24 20 22 x 23 22 22 24 23 23 20 20 20 23 23 20 24 20 21 22 25 21 20 21 20 24 22 25 23 20 21 23 23 23 x 25 21 23
23 x 22 20 x 25 21 22 24 24 22 x 25 x 21 x x x 22 22 21 22 20 22 21 20 20 20 23 23 23 24 21 x 20 x 24 20 24 24 20 24 20 x 25 24 24 20 24 x
21 20 24 20 x 25 23 22 x 23 25 20 21 24 20 23 20 x 25 21 21 25 22 25 x 20 23 20 x x 22 25 21 23 23 23 22 24 21 20 22 21 25 25 21 20 21 23 25 22
x x 22 23 21 23 25 20 20 25 22 23 25 23 23 24 24 21 20 24 x 20 23 25 22 25 x 20 20 21 25 20 22 22 24 24 25 24 20 23 24 24 24 25 20 21 25 21 20 25
25 x 22 23 20 24 24 24 24 25 21 23 23 23 24 24 x x 24 24 20 23 21 21 22 25 23 23 24 24 24 25 23 20 22 22 23 20 22 24 25 24 24 25 x 25 22 22 22 25
x 25 24 24 25 24 24 23 24 24 x 20 21 x 24 24 x 21 x 23 x 21 21 23 22 25 20 x 23 20 25 22 25 22 21 20 20 24 21 24 24 22 22 23 20 x 23 23 x 20
21 25 x 25 25 x x 21 20 20 20 x 25 21 25 24 20 25 22 20 20 22 21 22 24 21 24 22 20 x 24 x 21 22 23 20 21 20 25 24 24 22 25 20 23 24 21 22 x 20
22 20 x 21 22 23 23 24 x 25 22 21 23 22 21 x 24 20 x 25 20 x 22 21 21 20 25 x 21 20 25 20 22 22 22 x 23 x 25 25 25 23 20 23 23 20 21 24 x 24
22 25 22 23 23 x 25 20 23 x x 22 x 24 21 20 23 20 20 20 20 22 20 21 x 22 25 22 24 x 24 23 x 21 20 25 23 25 21 20 x 20 23 23 25 20 23 23 23 22
25 22 23 x 24 20 21 20 20 20 20 22 20 20 21 23 20 22 23 23 20 25 24 23 23 23 x 22 25 21 22 23 23 x 25 x 23 24 20 21 25 x 24 20 20 19 21 24 20 21
22 21 22 20 24 21 25 24 20 25 20 25 20 x 23 21 x 23 x 20 25 21 24 24 20 23 22 20 20 20 25 25 20 21 25 22 x 24 21 25 22 23 21 21 23 21 21 20 22 24
21 25 21 24 x 25 22 22 25 22 23 20 20 22 24 21 22 24 25 20 20 21 21 22 x 20 25 21 22 x 25 24 25 24 x x 25 20 23 21 22 23 22 24 23 24 20 21 22 22
x 21 21 25 24 23 25 23 20 25 20 x 20 21 23 21 23 23 24 22 x 20 21 24 24 24 x 23 x 24 24 24 22 24 25 22 21 24 25 20 22 x x x 23 20 22 22 20 24
x 24 24 24 23 21 20 21 20 22 21 x 20 20 22 x 25 21 22 24 22 20 23 20 20 x 22 23 22 20 23 20 24 21 x x 23 x 22 25 25 20 20 24 22 21 24 22 24 23
